       5800          4         16          5          2         22         51          1         15          7
          0       6713          6          1          6          1          1          6          4          4
         52         95       5611         30         22          5         11         63         61          8
         10         39         66       5747          4        110          3         41         76         35
          8         76          8          3       5496          4         25         26          5        191
         17         34          6        156         17       5100         35         10         25         21
         38         30          4          2          8         64       5769          0          3          0
          7         81         46          9         62          4          0       5929          6        121
         14         65         28        185         31        163         29         27       5262         47
         17         48          8         70        287         24          4        221         28       5242

              precision    recall  f1-score   support

           0       0.97      0.98      0.98      5923
           1       0.93      1.00      0.96      6742
           2       0.97      0.94      0.95      5958
           3       0.93      0.94      0.93      6131
           4       0.93      0.94      0.93      5842
           5       0.93      0.94      0.93      5421
           6       0.97      0.97      0.97      5918
           7       0.94      0.95      0.94      6265
           8       0.96      0.90      0.93      5851
           9       0.92      0.88      0.90      5949

    accuracy                           0.94     60000
   macro avg       0.94      0.94      0.94     60000
weighted avg       0.94      0.94      0.94     60000



running time in seconds: 7.298

