       5828          7         14          2          0         16         43          3          3          7
          0       6733          4          0          1          0          0          2          1          1
         32        111       5655         21         12          1         11         64         43          8
          6         71         54       5762          0        101          4         39         60         34
          4         66          7          0       5532          0         27         20          3        183
         16         36          6         82         11       5172         46          6         21         25
         14         32         11          0          5         32       5820          0          3          1
          1         97         25          3         30          1          0       6010          2         96
          9         95         16        112         25        103         33         15       5401         42
          8         47          9         53        137         21          4        132         21       5517

              precision    recall  f1-score   support

           0       0.98      0.98      0.98      5923
           1       0.92      1.00      0.96      6742
           2       0.97      0.95      0.96      5958
           3       0.95      0.94      0.95      6131
           4       0.96      0.95      0.95      5842
           5       0.95      0.95      0.95      5421
           6       0.97      0.98      0.98      5918
           7       0.96      0.96      0.96      6265
           8       0.97      0.92      0.95      5851
           9       0.93      0.93      0.93      5949

    accuracy                           0.96     60000
   macro avg       0.96      0.96      0.96     60000
weighted avg       0.96      0.96      0.96     60000



running time in seconds: 6.622

