       5892          3          4          0          0          5         14          1          2          2
          1       6717         10          0          1          0          1          7          1          4
         14         12       5880          6          1          0          1         34          6          4
          1          7         30       5994          0         29          4         17         35         14
          3         18          2          1       5742          0         11          3          2         60
          9          5          2         25          4       5321         37          3          2         13
          8          5          1          1          2         13       5887          0          1          0
          2         24         13          1          7          0          0       6190          2         26
          4         29          7         29         10         29         16          7       5694         26
         13          6          4         26         34         10          2         28          7       5819

              precision    recall  f1-score   support

           0       0.99      0.99      0.99      5923
           1       0.98      1.00      0.99      6742
           2       0.99      0.99      0.99      5958
           3       0.99      0.98      0.98      6131
           4       0.99      0.98      0.99      5842
           5       0.98      0.98      0.98      5421
           6       0.99      0.99      0.99      5918
           7       0.98      0.99      0.99      6265
           8       0.99      0.97      0.98      5851
           9       0.98      0.98      0.98      5949

    accuracy                           0.99     60000
   macro avg       0.99      0.99      0.99     60000
weighted avg       0.99      0.99      0.99     60000



running time in seconds: 27.740

