       5888          4          5          0          1          5         16          1          1          2
          1       6710         13          0          2          1          2          9          1          3
         19         14       5855          4          4          0          4         44          9          5
          0          8         32       5972          1         35          3         20         38         22
          4         25          2          1       5726          0         14          7          1         62
          8          5          3         24          2       5308         48          2          3         18
         12          7          2          0          5         14       5876          0          2          0
          2         36         12          2         10          1          0       6167          2         33
          6         27          9         30         13         38         19          8       5668         33
         15          8          5         30         35         10          3         31          9       5803

              precision    recall  f1-score   support

           0       0.99      0.99      0.99      5923
           1       0.98      1.00      0.99      6742
           2       0.99      0.98      0.98      5958
           3       0.98      0.97      0.98      6131
           4       0.99      0.98      0.98      5842
           5       0.98      0.98      0.98      5421
           6       0.98      0.99      0.99      5918
           7       0.98      0.98      0.98      6265
           8       0.99      0.97      0.98      5851
           9       0.97      0.98      0.97      5949

    accuracy                           0.98     60000
   macro avg       0.98      0.98      0.98     60000
weighted avg       0.98      0.98      0.98     60000



running time in seconds: 27.546

