       5786          2         15          3          4         27         57          6         17          6
          0       6718          3          2          5          0          4          3          3          4
         44        131       5547         33         20          1         22         75         78          7
         12         66         71       5685          2        129          5         42         84         35
          4         70         11          4       5468          8         28         22          6        221
         20         45         22        111         18       5104         45         12         29         15
         29         38          8          2         12         67       5756          3          3          0
          3        102         42         10         62          2          0       5927          7        110
         14         91         25        172         38        170         35         18       5231         57
         16         49         13         66        263         26          4        237         32       5243

              precision    recall  f1-score   support

           0       0.98      0.98      0.98      5923
           1       0.92      1.00      0.96      6742
           2       0.96      0.93      0.95      5958
           3       0.93      0.93      0.93      6131
           4       0.93      0.94      0.93      5842
           5       0.92      0.94      0.93      5421
           6       0.97      0.97      0.97      5918
           7       0.93      0.95      0.94      6265
           8       0.95      0.89      0.92      5851
           9       0.92      0.88      0.90      5949

    accuracy                           0.94     60000
   macro avg       0.94      0.94      0.94     60000
weighted avg       0.94      0.94      0.94     60000



running time in seconds: 5.216

