       5786          5         17          6          3         30         53          2         16          5
          0       6721          6          2          6          0          0          4          1          2
         29        106       5581         27         27          6         16         72         86          8
          5         44         69       5741          4        111          4         51         67         35
          3         80          7          1       5477          2         24         23          5        220
         17         34          7        100         16       5138         42          7         27         33
         22         59         11          0         10         54       5755          0          6          1
          3        112         27          4         51          3          0       5938          5        122
         19        107         23        147         30        156         18         26       5261         64
         18         55          6         85        202         24          4        225         30       5300

              precision    recall  f1-score   support

           0       0.98      0.98      0.98      5923
           1       0.92      1.00      0.96      6742
           2       0.97      0.94      0.95      5958
           3       0.94      0.94      0.94      6131
           4       0.94      0.94      0.94      5842
           5       0.93      0.95      0.94      5421
           6       0.97      0.97      0.97      5918
           7       0.94      0.95      0.94      6265
           8       0.96      0.90      0.93      5851
           9       0.92      0.89      0.90      5949

    accuracy                           0.94     60000
   macro avg       0.95      0.94      0.94     60000
weighted avg       0.95      0.94      0.94     60000



running time in seconds: 11.161

