       5834          6         16          2          3         15         34          1          6          6
          0       6731          4          0          1          0          0          5          0          1
         37         88       5699         13          6          4          8         57         40          6
          7         43         59       5786          2         97          2         46         63         26
          3         64          7          3       5558          4         21         16          3        163
         20         25          6         97         10       5170         49          8         19         17
         19         28          6          0          7         38       5815          0          4          1
          2         81         32          5         34          2          0       6019          3         87
         12         92         22        109         27        127         29         19       5373         41
         12         40          7         52        176         21          4        177         20       5440

              precision    recall  f1-score   support

           0       0.98      0.98      0.98      5923
           1       0.94      1.00      0.97      6742
           2       0.97      0.96      0.96      5958
           3       0.95      0.94      0.95      6131
           4       0.95      0.95      0.95      5842
           5       0.94      0.95      0.95      5421
           6       0.98      0.98      0.98      5918
           7       0.95      0.96      0.95      6265
           8       0.97      0.92      0.94      5851
           9       0.94      0.91      0.93      5949

    accuracy                           0.96     60000
   macro avg       0.96      0.96      0.96     60000
weighted avg       0.96      0.96      0.96     60000



running time in seconds: 8.174

