       5795          7         18          3          1         20         56          3         14          6
          0       6732          3          2          2          0          0          2          1          0
         28        126       5600         19          9          3         17         74         68         14
          6         58         58       5708          3        118          5         53         91         31
          4         73          4          3       5511          3         29         16          4        195
         19         42          2         81         21       5158         52          6         23         17
         25         43          8          0          8         49       5780          2          3          0
          4        112         27          3         63          3          0       5946          2        105
         10        104         17        137         32        122         32         20       5328         49
         13         58          6         53        193         23          3        182         25       5393

              precision    recall  f1-score   support

           0       0.98      0.98      0.98      5923
           1       0.92      1.00      0.96      6742
           2       0.98      0.94      0.96      5958
           3       0.95      0.93      0.94      6131
           4       0.94      0.94      0.94      5842
           5       0.94      0.95      0.94      5421
           6       0.97      0.98      0.97      5918
           7       0.94      0.95      0.95      6265
           8       0.96      0.91      0.93      5851
           9       0.93      0.91      0.92      5949

    accuracy                           0.95     60000
   macro avg       0.95      0.95      0.95     60000
weighted avg       0.95      0.95      0.95     60000



running time in seconds: 7.276

