       5811          6         18          3          4         15         47          1         12          6
          0       6728          4          0          3          0          0          4          1          2
         33         80       5671         16         16          3          9         64         57          9
         10         32         58       5755          4        117          3         47         79         26
          2         74          6          1       5503          1         20         23          5        207
         17         26          7        115         14       5150         42          7         23         20
         21         38          4          0          9         47       5794          0          3          2
          3         98         37          3         40          2          0       5978          3        101
         12         86         21        132         26        142         23         19       5334         56
          9         50          7         72        200         23          3        188         21       5376

              precision    recall  f1-score   support

           0       0.98      0.98      0.98      5923
           1       0.93      1.00      0.96      6742
           2       0.97      0.95      0.96      5958
           3       0.94      0.94      0.94      6131
           4       0.95      0.94      0.94      5842
           5       0.94      0.95      0.94      5421
           6       0.98      0.98      0.98      5918
           7       0.94      0.95      0.95      6265
           8       0.96      0.91      0.94      5851
           9       0.93      0.90      0.91      5949

    accuracy                           0.95     60000
   macro avg       0.95      0.95      0.95     60000
weighted avg       0.95      0.95      0.95     60000



running time in seconds: 9.966

