       5874          4          4          1          2          8         23          2          2          3
          0       6736          2          0          0          0          0          2          0          2
         34         94       5736         12          5          1          7         42         20          7
         10         56         59       5791          0        101          2         35         55         22
          8         76          7          1       5568          0         14          8          2        158
         18         36          6         72          6       5213         37          5         11         17
         26         23          3          0         11         26       5828          0          1          0
          4         80         23          2         33          2          0       6031          1         89
         20         86         27        103         26         78         22         11       5449         29
         18         58          7         39        135         19          1         89          9       5574

              precision    recall  f1-score   support

           0       0.98      0.99      0.98      5923
           1       0.93      1.00      0.96      6742
           2       0.98      0.96      0.97      5958
           3       0.96      0.94      0.95      6131
           4       0.96      0.95      0.96      5842
           5       0.96      0.96      0.96      5421
           6       0.98      0.98      0.98      5918
           7       0.97      0.96      0.97      6265
           8       0.98      0.93      0.96      5851
           9       0.94      0.94      0.94      5949

    accuracy                           0.96     60000
   macro avg       0.96      0.96      0.96     60000
weighted avg       0.96      0.96      0.96     60000



running time in seconds: 5.698

