       5832          6         12          4          3         11         33          2         12          8
          0       6727          5          0          4          0          0          4          1          1
         30        102       5656         22         15          1         14         57         51         10
          6         58         48       5749          3         99          2         48         82         36
          3         77          1          1       5515          0         22         18          2        203
         16         35          6         84          9       5160         51          6         22         32
         17         37          5          0         10         27       5819          0          2          1
          4        120         23          2         29          1          0       5974          1        111
         13         98         16        103         19        112         23         20       5399         48
         11         52          4         58        131         18          4        129         17       5525

              precision    recall  f1-score   support

           0       0.98      0.98      0.98      5923
           1       0.92      1.00      0.96      6742
           2       0.98      0.95      0.96      5958
           3       0.95      0.94      0.95      6131
           4       0.96      0.94      0.95      5842
           5       0.95      0.95      0.95      5421
           6       0.98      0.98      0.98      5918
           7       0.95      0.95      0.95      6265
           8       0.97      0.92      0.94      5851
           9       0.92      0.93      0.93      5949

    accuracy                           0.96     60000
   macro avg       0.96      0.96      0.96     60000
weighted avg       0.96      0.96      0.96     60000



running time in seconds: 10.528

