       5892          3          5          0          0          5         14          0          1          3
          1       6713         12          1          1          0          2          9          1          2
         24         20       5823          6          5          2          8         55         10          5
          4         10         34       5966          1         36          2         24         31         23
          3         28          1          1       5709          0         14          6          1         79
         10          5          3         35          3       5294         43          4          6         18
         16          8          1          0          4         15       5873          0          1          0
          4         44         13          2          8          1          0       6154          1         38
          9         35         13         36         14         48         20         12       5629         35
         14          4          4         28         29         12          4         36         11       5807

              precision    recall  f1-score   support

           0       0.99      0.99      0.99      5923
           1       0.98      1.00      0.99      6742
           2       0.99      0.98      0.98      5958
           3       0.98      0.97      0.98      6131
           4       0.99      0.98      0.98      5842
           5       0.98      0.98      0.98      5421
           6       0.98      0.99      0.99      5918
           7       0.98      0.98      0.98      6265
           8       0.99      0.96      0.98      5851
           9       0.97      0.98      0.97      5949

    accuracy                           0.98     60000
   macro avg       0.98      0.98      0.98     60000
weighted avg       0.98      0.98      0.98     60000



running time in seconds: 42.557

