       5887          3          5          0          0          5         16          1          2          4
          1       6707         16          0          2          1          3          8          1          3
         21         16       5846          5          4          0          5         45         11          5
          3         13         37       5962          1         35          1         19         38         22
          4         24          2          1       5711          0         13          7          1         79
         10          5          3         29          5       5295         49          2          6         17
         14          7          2          0          3         17       5873          0          2          0
          2         36         13          2         12          1          0       6164          2         33
          9         29          9         34         12         41         21          9       5651         36
         13          7          5         28         35         10          4         38         14       5795

              precision    recall  f1-score   support

           0       0.99      0.99      0.99      5923
           1       0.98      0.99      0.99      6742
           2       0.98      0.98      0.98      5958
           3       0.98      0.97      0.98      6131
           4       0.99      0.98      0.98      5842
           5       0.98      0.98      0.98      5421
           6       0.98      0.99      0.99      5918
           7       0.98      0.98      0.98      6265
           8       0.99      0.97      0.98      5851
           9       0.97      0.97      0.97      5949

    accuracy                           0.98     60000
   macro avg       0.98      0.98      0.98     60000
weighted avg       0.98      0.98      0.98     60000



running time in seconds: 28.521

