       5769          3         17          6          2         42         56          5         16          7
          1       6714          6          2          5          0          4          3          4          3
         39        146       5487         44         38          6         24         71         94          9
         11         78         79       5651          4        122          8         43         93         42
          5         84         15          5       5449          2         29         17          8        228
         17         69         17        139         30       5034         46          9         38         22
         40         48         12          1         12         73       5724          2          6          0
          5        111         42         11         73          4          0       5882         12        125
         17        112         24        208         31        167         33         21       5167         71
         18         57         12         66        373         21          5        246         36       5115

              precision    recall  f1-score   support

           0       0.97      0.97      0.97      5923
           1       0.90      1.00      0.95      6742
           2       0.96      0.92      0.94      5958
           3       0.92      0.92      0.92      6131
           4       0.91      0.93      0.92      5842
           5       0.92      0.93      0.92      5421
           6       0.97      0.97      0.97      5918
           7       0.93      0.94      0.94      6265
           8       0.94      0.88      0.91      5851
           9       0.91      0.86      0.88      5949

    accuracy                           0.93     60000
   macro avg       0.93      0.93      0.93     60000
weighted avg       0.93      0.93      0.93     60000



running time in seconds: 5.358

