       5852          8          9          1          1          9         31          0          6          6
          0       6733          4          0          0          0          0          4          0          1
         24         88       5722         19         11          1          6         49         31          7
          7         45         42       5815          2         99          2         36         60         23
          3         70          5          1       5547          1         12         18          2        183
         18         25          5         80          7       5198         45          5         18         20
         16         31          4          0          6         26       5834          0          1          0
          3         92         26          2         38          2          0       6004          1         97
         13         83         26         80         23        125         31         15       5418         37
          9         43          4         45        132         13          2        109         13       5579

              precision    recall  f1-score   support

           0       0.98      0.99      0.99      5923
           1       0.93      1.00      0.96      6742
           2       0.98      0.96      0.97      5958
           3       0.96      0.95      0.96      6131
           4       0.96      0.95      0.96      5842
           5       0.95      0.96      0.95      5421
           6       0.98      0.99      0.98      5918
           7       0.96      0.96      0.96      6265
           8       0.98      0.93      0.95      5851
           9       0.94      0.94      0.94      5949

    accuracy                           0.96     60000
   macro avg       0.96      0.96      0.96     60000
weighted avg       0.96      0.96      0.96     60000



running time in seconds: 9.850

