       5844          6         12          6          0         14         30          0          7          4
          0       6732          5          0          0          0          0          3          1          1
         30         99       5680         17          7          3          8         56         50          8
          7         53         52       5772          3        101          5         39         78         21
          4         73          7          0       5507          2         30         22          3        194
         22         39          5         84         10       5157         56          6         28         14
         27         30          3          0          9         47       5799          0          3          0
          4         83         32          6         49          3          0       5987          4         97
         15         88         22        109         32        124         28         14       5373         46
          9         53          6         46        163         28          2        176         17       5449

              precision    recall  f1-score   support

           0       0.98      0.99      0.98      5923
           1       0.93      1.00      0.96      6742
           2       0.98      0.95      0.96      5958
           3       0.96      0.94      0.95      6131
           4       0.95      0.94      0.95      5842
           5       0.94      0.95      0.95      5421
           6       0.97      0.98      0.98      5918
           7       0.95      0.96      0.95      6265
           8       0.97      0.92      0.94      5851
           9       0.93      0.92      0.92      5949

    accuracy                           0.95     60000
   macro avg       0.96      0.95      0.95     60000
weighted avg       0.96      0.95      0.95     60000



running time in seconds: 6.385

