       5886          4          5          0          0          5         17          1          1          4
          1       6702         13          2          3          0          3         12          1          5
         30         54       5753         12          2          3          8         77         11          8
          5         17         30       5941          2         43          1         37         26         29
          3         46          2          1       5676          0         13          7          2         92
         14         10          3         43          3       5260         52          5          9         22
         19         13          1          0          4         15       5864          0          2          0
          3         63         10          2         10          2          0       6121          2         52
         16         66         12         64         20         63         22         14       5519         55
         15         11          4         43         40         11          3         51          8       5763

              precision    recall  f1-score   support

           0       0.98      0.99      0.99      5923
           1       0.96      0.99      0.98      6742
           2       0.99      0.97      0.98      5958
           3       0.97      0.97      0.97      6131
           4       0.99      0.97      0.98      5842
           5       0.97      0.97      0.97      5421
           6       0.98      0.99      0.99      5918
           7       0.97      0.98      0.97      6265
           8       0.99      0.94      0.97      5851
           9       0.96      0.97      0.96      5949

    accuracy                           0.97     60000
   macro avg       0.98      0.97      0.97     60000
weighted avg       0.97      0.97      0.97     60000



running time in seconds: 68.142

