       5826          9         14          4          1         17         35          2          8          7
          0       6732          4          0          3          0          0          1          1          1
         35        125       5630         20         13          6          9         61         53          6
          7         73         64       5715          4        103          3         55         71         36
          6         70          7          3       5536          2         31         12          6        169
         18         39          5         82         12       5166         51          7         16         25
         30         29          5          0         12         33       5808          0          1          0
          1        106         29          6         45          5          0       5955          3        115
         19        100         18        110         27        107         30         18       5378         44
         14         51         10         49        197         22          5        130         18       5453

              precision    recall  f1-score   support

           0       0.98      0.98      0.98      5923
           1       0.92      1.00      0.96      6742
           2       0.97      0.94      0.96      5958
           3       0.95      0.93      0.94      6131
           4       0.95      0.95      0.95      5842
           5       0.95      0.95      0.95      5421
           6       0.97      0.98      0.98      5918
           7       0.95      0.95      0.95      6265
           8       0.97      0.92      0.94      5851
           9       0.93      0.92      0.92      5949

    accuracy                           0.95     60000
   macro avg       0.95      0.95      0.95     60000
weighted avg       0.95      0.95      0.95     60000



running time in seconds: 5.692

