       5815          8         11          3          3         16         45          2         13          7
          0       6723          7          1          5          0          0          3          1          2
         32         98       5632         25         16          2         15         66         61         11
          6         55         47       5758          1        108          4         48         76         28
          3         67          5          3       5528          1         28         20          3        184
         15         33          5         76          9       5177         48          7         20         31
         18         41          8          0          9         31       5805          0          5          1
          2        120         22          3         30          1          0       5965          1        121
         11        109         20        102         29        133         25         19       5356         47
         13         51          5         59        141         22          4        133         20       5501

              precision    recall  f1-score   support

           0       0.98      0.98      0.98      5923
           1       0.92      1.00      0.96      6742
           2       0.98      0.95      0.96      5958
           3       0.95      0.94      0.95      6131
           4       0.96      0.95      0.95      5842
           5       0.94      0.95      0.95      5421
           6       0.97      0.98      0.98      5918
           7       0.95      0.95      0.95      6265
           8       0.96      0.92      0.94      5851
           9       0.93      0.92      0.93      5949

    accuracy                           0.95     60000
   macro avg       0.96      0.95      0.95     60000
weighted avg       0.95      0.95      0.95     60000



running time in seconds: 10.249

