       5786          3         23          5          3         25         49          7         12         10
          0       6723          4          2          6          0          0          3          1          3
         36        144       5538         29         23          4         20         79         76          9
          9         79         77       5674          0        100          6         48        106         32
          6         76          9          3       5452          3         34         27         11        221
         19         50          4        138         20       5072         47          9         35         27
         39         35          9          1         13         54       5759          3          3          2
          2        121         35          6         54          4          0       5924          8        111
         13         99         26        167         40        148         42         22       5254         40
         13         58         14         71        291         21          5        201         36       5239

              precision    recall  f1-score   support

           0       0.98      0.98      0.98      5923
           1       0.91      1.00      0.95      6742
           2       0.96      0.93      0.95      5958
           3       0.93      0.93      0.93      6131
           4       0.92      0.93      0.93      5842
           5       0.93      0.94      0.93      5421
           6       0.97      0.97      0.97      5918
           7       0.94      0.95      0.94      6265
           8       0.95      0.90      0.92      5851
           9       0.92      0.88      0.90      5949

    accuracy                           0.94     60000
   macro avg       0.94      0.94      0.94     60000
weighted avg       0.94      0.94      0.94     60000



running time in seconds: 4.992

