       5828          9         12          0          2         15         40          1          9          7
          0       6729          5          1          1          0          0          3          0          3
         36        127       5622         14          9          2         13         71         59          5
          6         72         56       5733          3         99          5         53         66         38
          4         69          4          2       5505          1         34         14          3        206
         16         44          3         69          8       5171         57          3         24         26
         21         34         10          0          9         33       5803          2          2          4
          5        115         22          1         37          3          0       5976          1        105
          9        115         23        103         21        117         32         17       5364         50
         13         63          7         63        150         21          6        137         19       5470

              precision    recall  f1-score   support

           0       0.98      0.98      0.98      5923
           1       0.91      1.00      0.95      6742
           2       0.98      0.94      0.96      5958
           3       0.96      0.94      0.95      6131
           4       0.96      0.94      0.95      5842
           5       0.95      0.95      0.95      5421
           6       0.97      0.98      0.97      5918
           7       0.95      0.95      0.95      6265
           8       0.97      0.92      0.94      5851
           9       0.92      0.92      0.92      5949

    accuracy                           0.95     60000
   macro avg       0.95      0.95      0.95     60000
weighted avg       0.95      0.95      0.95     60000



running time in seconds: 7.178

