       5798          7         17          5          3         28         42          1         14          8
          0       6728          5          0          1          0          0          5          1          2
         30        122       5612         26         12          7         16         74         48         11
          6         55         62       5715          3        119          6         54         79         32
          3         70          8          2       5490          2         24         22          4        217
         17         39          6         99         14       5143         46         11         25         21
         19         43          8          0          8         48       5788          3          1          0
          5        107         29          2         47          1          0       5963          4        107
          9        115         28        133         26        143         27         29       5290         51
         15         49          8         61        195         27          4        201         24       5365

              precision    recall  f1-score   support

           0       0.98      0.98      0.98      5923
           1       0.92      1.00      0.96      6742
           2       0.97      0.94      0.96      5958
           3       0.95      0.93      0.94      6131
           4       0.95      0.94      0.94      5842
           5       0.93      0.95      0.94      5421
           6       0.97      0.98      0.98      5918
           7       0.94      0.95      0.94      6265
           8       0.96      0.90      0.93      5851
           9       0.92      0.90      0.91      5949

    accuracy                           0.95     60000
   macro avg       0.95      0.95      0.95     60000
weighted avg       0.95      0.95      0.95     60000



running time in seconds: 9.335

