       5903          2          3          0          0          4          7          0          3          1
          0       6721          6          0          1          0          3          6          2          3
         10          7       5909          4          1          0          1         22          1          3
          5          7         25       6023          0         22          0         14         23         12
          3         14          3          0       5766          0          8          4          2         42
          7          2          7         22          4       5336         27          1          4         11
          8          6          1          0          2          8       5892          0          1          0
          2         20         11          1          8          0          0       6198          1         24
          6         21          7         24         11         18          8          4       5734         18
         10          5          2         15         23         11          0         18          5       5860

              precision    recall  f1-score   support

           0       0.99      1.00      0.99      5923
           1       0.99      1.00      0.99      6742
           2       0.99      0.99      0.99      5958
           3       0.99      0.98      0.99      6131
           4       0.99      0.99      0.99      5842
           5       0.99      0.98      0.99      5421
           6       0.99      1.00      0.99      5918
           7       0.99      0.99      0.99      6265
           8       0.99      0.98      0.99      5851
           9       0.98      0.99      0.98      5949

    accuracy                           0.99     60000
   macro avg       0.99      0.99      0.99     60000
weighted avg       0.99      0.99      0.99     60000



running time in seconds: 26.429

