       5895          4          3          0          0          4         13          2          1          1
          1       6721          7          0          1          0          1          8          1          2
         24         30       5839          4          5          0          4         45          5          2
          2          8         30       6003          0         34          2         17         18         17
          3         35          2          1       5727          0          9          5          2         58
         12          4          4         35          4       5308         39          1          1         13
         10          4          0          0          4         10       5890          0          0          0
          1         38         14          1          5          0          0       6171          2         33
         11         47         13         34         15         44         16         13       5620         38
         10          4          5         19         30         10          2         39          8       5822

              precision    recall  f1-score   support

           0       0.99      1.00      0.99      5923
           1       0.97      1.00      0.99      6742
           2       0.99      0.98      0.98      5958
           3       0.98      0.98      0.98      6131
           4       0.99      0.98      0.98      5842
           5       0.98      0.98      0.98      5421
           6       0.99      1.00      0.99      5918
           7       0.98      0.98      0.98      6265
           8       0.99      0.96      0.98      5851
           9       0.97      0.98      0.98      5949

    accuracy                           0.98     60000
   macro avg       0.98      0.98      0.98     60000
weighted avg       0.98      0.98      0.98     60000



running time in seconds: 62.382

