       5847          8          6          2          1          6         40          3          3          7
          0       6737          3          0          1          0          0          1          0          0
         26        102       5685         16          8          4          9         63         34         11
          5         65         47       5791          1         93          7         29         66         27
          3         60          7          0       5547          1         23         19          2        180
         20         26          8         76         10       5187         49          5         14         26
         16         24          4          0         12         28       5832          0          2          0
          5         88         26          8         30          5          0       6007          2         94
         14         75         18         97         22        100         41         15       5434         35
         11         44          4         51        150         25          3        117         28       5516

              precision    recall  f1-score   support

           0       0.98      0.99      0.99      5923
           1       0.93      1.00      0.96      6742
           2       0.98      0.95      0.97      5958
           3       0.96      0.94      0.95      6131
           4       0.96      0.95      0.95      5842
           5       0.95      0.96      0.95      5421
           6       0.97      0.99      0.98      5918
           7       0.96      0.96      0.96      6265
           8       0.97      0.93      0.95      5851
           9       0.94      0.93      0.93      5949

    accuracy                           0.96     60000
   macro avg       0.96      0.96      0.96     60000
weighted avg       0.96      0.96      0.96     60000



running time in seconds: 6.255

