       5835          4         16          3          3         12         33          2          8          7
          1       6722          4          0          6          0          3          2          3          1
         46        120       5620         22         12          3          7         65         56          7
         18         65         75       5705          1        117          2         42         75         31
          8         80         15          5       5463          3         29         15          2        222
         21         36          9        120         24       5113         38          4         30         26
         27         22          4          0         10         51       5801          0          3          0
         12         90         28         11         73          6          0       5919          2        124
         24         81         50        140         42        119         22         19       5315         39
         20         56         15         56        240         24          3        119         15       5401

              precision    recall  f1-score   support

           0       0.97      0.99      0.98      5923
           1       0.92      1.00      0.96      6742
           2       0.96      0.94      0.95      5958
           3       0.94      0.93      0.94      6131
           4       0.93      0.94      0.93      5842
           5       0.94      0.94      0.94      5421
           6       0.98      0.98      0.98      5918
           7       0.96      0.94      0.95      6265
           8       0.96      0.91      0.94      5851
           9       0.92      0.91      0.91      5949

    accuracy                           0.95     60000
   macro avg       0.95      0.95      0.95     60000
weighted avg       0.95      0.95      0.95     60000



running time in seconds: 5.260

