       5804          8         15          2          2         23         49          1         10          9
          0       6729          3          1          5          0          0          2          1          1
         27        129       5604         19         11          4         12         79         64          9
          4         60         51       5744          3        114          4         49         66         36
          3         83          5          3       5487          1         26         16          5        213
         16         40          6         80          9       5173         49          7         16         25
         11         40          6          0          7         40       5807          0          5          2
          4        127         20          4         35          1          0       5954          1        119
          5        115         22         98         24        114         28         21       5364         60
         14         52          6         61        139         18          4        140         20       5495

              precision    recall  f1-score   support

           0       0.99      0.98      0.98      5923
           1       0.91      1.00      0.95      6742
           2       0.98      0.94      0.96      5958
           3       0.96      0.94      0.95      6131
           4       0.96      0.94      0.95      5842
           5       0.94      0.95      0.95      5421
           6       0.97      0.98      0.98      5918
           7       0.95      0.95      0.95      6265
           8       0.97      0.92      0.94      5851
           9       0.92      0.92      0.92      5949

    accuracy                           0.95     60000
   macro avg       0.95      0.95      0.95     60000
weighted avg       0.95      0.95      0.95     60000



running time in seconds: 8.433

