      26457          4       3933       2926       1790       1390       1076        252        617        787
          9         19          1          0          0          9          3          0          4         18
       3567          0       3990       1537       1101        568        390         84         72        159
       1760          0        659       3091       1035        427         88         31         63         46
       1378          0        601       1358       2300        544         56         35         52         38
       1344          0        627        667        953       1645         44         37         47         31
        869          0        130         69         40         73       1050         62         26         81
        941          0        269         75         48         70        466        311         99        102
       1122          0        198        158         98         58        138         58        445        125
       3158          0        945        648        370        186        291         57        258       1258

              precision    recall  f1-score   support

           0       0.65      0.67      0.66     39232
           1       0.83      0.30      0.44        63
           2       0.35      0.35      0.35     11468
           3       0.29      0.43      0.35      7200
           4       0.30      0.36      0.33      6362
           5       0.33      0.30      0.32      5395
           6       0.29      0.44      0.35      2400
           7       0.34      0.13      0.19      2381
           8       0.26      0.19      0.22      2400
           9       0.48      0.18      0.26      7171

    accuracy                           0.48     84072
   macro avg       0.41      0.33      0.35     84072
weighted avg       0.49      0.48      0.48     84072

