        772      16591          0       1420       8057        122       7794          0       2166       2310
          1         51          0          0          9          0          2          0          0          0
        169       5929          1        282       3011         31       2026          0         19          0
         53       1694          0        406       3718         30       1292          0          7          0
         21       1402          0        264       3643         47        982          0          3          0
         60       1404          0        255       2776         60        833          0          7          0
         31        739          0         96        271          3       1048          0         85        127
          6        679          0        111        453          4        826          0        154        148
         53        766          0         98        478          1        567          0        161        276
        102       2437          0        152       1266         10       1420          0        431       1353

              precision    recall  f1-score   support

           0       0.61      0.02      0.04     39232
           1       0.00      0.81      0.00        63
           2       1.00      0.00      0.00     11468
           3       0.13      0.06      0.08      7200
           4       0.15      0.57      0.24      6362
           5       0.19      0.01      0.02      5395
           6       0.06      0.44      0.11      2400
           7       0.00      0.00      0.00      2381
           8       0.05      0.07      0.06      2400
           9       0.32      0.19      0.24      7171

    accuracy                           0.09     84072
   macro avg       0.25      0.22      0.08     84072
weighted avg       0.49      0.09      0.07     84072

