        670      11311        404        296       5818       3951      11296        581       4099        806
          0         53          0          0          2          1          6          0          1          0
        100       4350        184        146       2117        801       3348        160        262          0
         15       1109         48        149       2582       1539       1601         72         85          0
          1        879         15         89       2636       1280       1329         89         44          0
         19        744         71         36       1354       1883       1121         72         95          0
         18        481         10         35        171         52       1397         25        166         45
          5        354          9         25        400         94       1111         71        288         24
         23        319         15         22        366        186        910         63        373        123
         41       1327         70         99        917        410       2237        163        900       1007

              precision    recall  f1-score   support

           0       0.75      0.02      0.03     39232
           1       0.00      0.84      0.01        63
           2       0.22      0.02      0.03     11468
           3       0.17      0.02      0.04      7200
           4       0.16      0.41      0.23      6362
           5       0.18      0.35      0.24      5395
           6       0.06      0.58      0.10      2400
           7       0.05      0.03      0.04      2381
           8       0.06      0.16      0.09      2400
           9       0.50      0.14      0.22      7171

    accuracy                           0.10     84072
   macro avg       0.22      0.26      0.10     84072
weighted avg       0.47      0.10      0.08     84072

