        610      11052        377        394       5706       3994      11296       1254       3809        740
          0         55          0          0          1          2          4          0          1          0
         62       4333        161        163       2046        835       3308        258        301          1
         12       1094         41        210       2473       1586       1620         90         74          0
          4        881         19        137       2523       1358       1301         97         42          0
         16        739         61         70       1294       1923       1095         96        101          0
         17        522         13         33        161         43       1362         45        162         42
          3        360          8         33        392         87       1077        139        261         21
         16        307         19         32        363        189        888        115        331        140
         41       1279         70        115        897        415       2212        282        875        985

              precision    recall  f1-score   support

           0       0.78      0.02      0.03     39232
           1       0.00      0.87      0.01        63
           2       0.21      0.01      0.03     11468
           3       0.18      0.03      0.05      7200
           4       0.16      0.40      0.23      6362
           5       0.18      0.36      0.24      5395
           6       0.06      0.57      0.10      2400
           7       0.06      0.06      0.06      2381
           8       0.06      0.14      0.08      2400
           9       0.51      0.14      0.22      7171

    accuracy                           0.10     84072
   macro avg       0.22      0.26      0.10     84072
weighted avg       0.48      0.10      0.08     84072

