        719      11334         43        246       6127       3434      11799        305       4377        848
          2         49          0          0          5          1          6          0          0          0
        217       4500         23         85       2196        880       3278         68        221          0
         35       1155          6         93       2704       1419       1708         29         51          0
         10        866          1         59       2831       1105       1439         30         21          0
         50        776          4         43       1705       1443       1262         35         77          0
         21        483          0         20        215         83       1321         26        171         60
          7        335          1         21        459         70       1149         33        275         31
         49        313          2         10        369        192        948         30        329        158
         89       1325          8         47        934        479       2302         78        886       1023

              precision    recall  f1-score   support

           0       0.60      0.02      0.04     39232
           1       0.00      0.78      0.00        63
           2       0.26      0.00      0.00     11468
           3       0.15      0.01      0.02      7200
           4       0.16      0.44      0.24      6362
           5       0.16      0.27      0.20      5395
           6       0.05      0.55      0.10      2400
           7       0.05      0.01      0.02      2381
           8       0.05      0.14      0.07      2400
           9       0.48      0.14      0.22      7171

    accuracy                           0.09     84072
   macro avg       0.20      0.24      0.09     84072
weighted avg       0.40      0.09      0.07     84072

