        675      11118        327        533       6495       2988      12017        991       3455        633
          0         51          0          0          2          4          5          0          1          0
         83       4273        137        184       2162        797       3513         96        223          0
         14       1100         28        218       2812       1244       1690         39         55          0
          6        837          9        173       2856       1008       1384         47         42          0
         11        727         58        100       1746       1425       1197         58         73          0
         20        473          9         39        177         68       1385         22        170         37
          1        373          3         43        418         74       1119         82        254         14
         21        308         15         44        358        164        959         74        325        132
         48       1269         47        133        929        394       2353        179        858        961

              precision    recall  f1-score   support

           0       0.77      0.02      0.03     39232
           1       0.00      0.81      0.00        63
           2       0.22      0.01      0.02     11468
           3       0.15      0.03      0.05      7200
           4       0.16      0.45      0.23      6362
           5       0.17      0.26      0.21      5395
           6       0.05      0.58      0.10      2400
           7       0.05      0.03      0.04      2381
           8       0.06      0.14      0.08      2400
           9       0.54      0.13      0.21      7171

    accuracy                           0.10     84072
   macro avg       0.22      0.25      0.10     84072
weighted avg       0.47      0.10      0.08     84072

