        634      11016        509        444       5569       4138      11589        992       3479        862
          0         54          1          0          0          3          4          0          1          0
         82       4339        193        227       1997        848       3405        135        242          0
         16       1090         47        245       2448       1589       1652         66         47          0
          1        859         16        145       2514       1369       1358         65         35          0
         17        734         67         61       1284       1947       1155         49         81          0
         20        505         10         42        159         60       1364         34        156         50
          3        393          5         48        381         83       1110         81        250         27
         20        313         21         43        335        201        927         72        341        127
         56       1283         71        152        860        415       2297        225        812       1000

              precision    recall  f1-score   support

           0       0.75      0.02      0.03     39232
           1       0.00      0.86      0.01        63
           2       0.21      0.02      0.03     11468
           3       0.17      0.03      0.06      7200
           4       0.16      0.40      0.23      6362
           5       0.18      0.36      0.24      5395
           6       0.05      0.57      0.10      2400
           7       0.05      0.03      0.04      2381
           8       0.06      0.14      0.09      2400
           9       0.48      0.14      0.22      7171

    accuracy                           0.10     84072
   macro avg       0.21      0.26      0.10     84072
weighted avg       0.46      0.10      0.08     84072

