        103          0          0          0          0          0
          1        330         91        136          4         36
          1         87        402         93          6         11
        212       2433       2239      67654       1066       5988
          4          0          4         83        810        278
          1         28         16        288        204       1862

              precision    recall  f1-score   support

           0       0.32      1.00      0.48       103
           1       0.11      0.55      0.19       598
           2       0.15      0.67      0.24       600
           3       0.99      0.85      0.92     79592
           4       0.39      0.69      0.50      1179
           5       0.23      0.78      0.35      2399

    accuracy                           0.84     84471
   macro avg       0.36      0.76      0.45     84471
weighted avg       0.95      0.84      0.88     84471



running time in seconds: 84.423

