        103          0          0          0          0          0
          4        364         42        173          0         15
          0         50        453         89          0          8
         72       1208       1374      72759        608       3571
          4          0          3         63        873        236
          0         12         13        409        192       1773

              precision    recall  f1-score   support

           0       0.56      1.00      0.72       103
           1       0.22      0.61      0.33       598
           2       0.24      0.76      0.36       600
           3       0.99      0.91      0.95     79592
           4       0.52      0.74      0.61      1179
           5       0.32      0.74      0.44      2399

    accuracy                           0.90     84471
   macro avg       0.48      0.79      0.57     84471
weighted avg       0.95      0.90      0.92     84471



running time in seconds: 134.392

