         90          1          1          1          9          1
          1        337        124         95          9         32
          0         63        479         29          6         23
         84       4699       3289      60944       1807       8769
          2          9         14         34        856        264
          2         37         33        196        252       1879

              precision    recall  f1-score   support

           0       0.50      0.87      0.64       103
           1       0.07      0.56      0.12       598
           2       0.12      0.80      0.21       600
           3       0.99      0.77      0.87     79592
           4       0.29      0.73      0.42      1179
           5       0.17      0.78      0.28      2399

    accuracy                           0.76     84471
   macro avg       0.36      0.75      0.42     84471
weighted avg       0.95      0.76      0.83     84471



running time in seconds: 31.242

