        103          0          0          0          0          0
        335        131         21        104          0          7
        192         24        326         56          0          2
      21673        543        805      54942        143       1486
        694          0          2         31        318        134
       1089          5          7        264        116        918

              precision    recall  f1-score   support

           0       0.00      1.00      0.01       103
           1       0.19      0.22      0.20       598
           2       0.28      0.54      0.37       600
           3       0.99      0.69      0.81     79592
           4       0.55      0.27      0.36      1179
           5       0.36      0.38      0.37      2399

    accuracy                           0.67     84471
   macro avg       0.40      0.52      0.35     84471
weighted avg       0.96      0.67      0.79     84471



running time in seconds: 134.167

