        103          0          0          0          0          0
          1        333         83        157          5         19
          0         81        419         87          2         11
         35       3006       1857      68754        984       4956
          4          7          4         77        828        259
          2         32         13        276        205       1871

              precision    recall  f1-score   support

           0       0.71      1.00      0.83       103
           1       0.10      0.56      0.16       598
           2       0.18      0.70      0.28       600
           3       0.99      0.86      0.92     79592
           4       0.41      0.70      0.52      1179
           5       0.26      0.78      0.39      2399

    accuracy                           0.86     84471
   macro avg       0.44      0.77      0.52     84471
weighted avg       0.95      0.86      0.89     84471



running time in seconds: 129.432

