        103          0          0          0          0          0
          1        346         96        115          5         35
          1         97        413         74          6          9
         61       3370       2662      66170       1258       6071
          3          4          6         73        848        245
          1         44         21        246        243       1844

              precision    recall  f1-score   support

           0       0.61      1.00      0.75       103
           1       0.09      0.58      0.16       598
           2       0.13      0.69      0.22       600
           3       0.99      0.83      0.90     79592
           4       0.36      0.72      0.48      1179
           5       0.22      0.77      0.35      2399

    accuracy                           0.83     84471
   macro avg       0.40      0.76      0.48     84471
weighted avg       0.95      0.83      0.87     84471



running time in seconds: 84.340

