        103          0          0          0          0          0
        287        125         56        120          2          8
        172         48        302         72          2          4
      16207       1060        975      58309        358       2683
        556          2          2         65        358        196
        863         12          4        241        107       1172

              precision    recall  f1-score   support

           0       0.01      1.00      0.01       103
           1       0.10      0.21      0.14       598
           2       0.23      0.50      0.31       600
           3       0.99      0.73      0.84     79592
           4       0.43      0.30      0.36      1179
           5       0.29      0.49      0.36      2399

    accuracy                           0.71     84471
   macro avg       0.34      0.54      0.34     84471
weighted avg       0.95      0.71      0.81     84471



running time in seconds: 129.948

