         90          1          1          2          5          4
          1        375        133         69          2         18
          0         57        524         13          0          6
        179       5118       4335      62787       1599       5574
          6         10         13         29        956        165
          4         49         31        201        382       1732

              precision    recall  f1-score   support

           0       0.32      0.87      0.47       103
           1       0.07      0.63      0.12       598
           2       0.10      0.87      0.19       600
           3       1.00      0.79      0.88     79592
           4       0.32      0.81      0.46      1179
           5       0.23      0.72      0.35      2399

    accuracy                           0.79     84471
   macro avg       0.34      0.78      0.41     84471
weighted avg       0.95      0.79      0.85     84471



running time in seconds: 39.767

