        103          0          0          0          0          0
          1        401        108         68          4         16
          0        105        456         31          1          7
         39       9064       3931      59325       1490       5743
          3         25         16         27        923        185
          5        107         53        109        377       1748

              precision    recall  f1-score   support

           0       0.68      1.00      0.81       103
           1       0.04      0.67      0.08       598
           2       0.10      0.76      0.18       600
           3       1.00      0.75      0.85     79592
           4       0.33      0.78      0.46      1179
           5       0.23      0.73      0.35      2399

    accuracy                           0.75     84471
   macro avg       0.40      0.78      0.45     84471
weighted avg       0.95      0.75      0.82     84471



running time in seconds: 129.300

