         99          0          0          0          4          0
        317        117         85         61          4         14
        192         34        345         21          2          6
      22869       1904       1673      48006        586       4554
        578          2          6         26        388        179
        954         15         13        139        127       1151

              precision    recall  f1-score   support

           0       0.00      0.96      0.01       103
           1       0.06      0.20      0.09       598
           2       0.16      0.57      0.25       600
           3       0.99      0.60      0.75     79592
           4       0.35      0.33      0.34      1179
           5       0.19      0.48      0.28      2399

    accuracy                           0.59     84471
   macro avg       0.29      0.52      0.29     84471
weighted avg       0.95      0.59      0.72     84471



running time in seconds: 31.468

