        103          0          0          0          0          0
          0        590          8          0          0          0
          0          0        600          0          0          0
          0        832       3170      74154        135       1301
          0          0          0          0       1178          1
          0          0          9          0         46       2344

              precision    recall  f1-score   support

           0       1.00      1.00      1.00       103
           1       0.41      0.99      0.58       598
           2       0.16      1.00      0.27       600
           3       1.00      0.93      0.96     79592
           4       0.87      1.00      0.93      1179
           5       0.64      0.98      0.78      2399

    accuracy                           0.93     84471
   macro avg       0.68      0.98      0.75     84471
weighted avg       0.98      0.93      0.95     84471



running time in seconds: 109.630

