      35980          0          0          0          0          0          0          0          0          0
          0          0          0          0          0          0          0          0          0          0
          0          0          0          0          0          0          0          0          0          0
          0          0          0          0          0          0          0          0          0          0
        196          0          0          0        254          0          0          0          0          0
          0          0          0          0          0          0          0          0          0          0
          0          0          0          0          0          0          0          0          0          0
          0          0          0          0          0          0          0          0          0          0
          0          0          0          0          0          0          0          0          0          0
          0          0          0          0          0          0          0          0          0          0

              precision    recall  f1-score   support

           0       0.99      1.00      1.00     35980
           4       1.00      0.56      0.72       450

    accuracy                           0.99     36430
   macro avg       1.00      0.78      0.86     36430
weighted avg       0.99      0.99      0.99     36430



running time in seconds: 7.729

