      41540          0          0          0          0        297          0          0          0          0
          0          0          0          0          0          0          0          0          0          0
          0          0          0          0          0          0          0          0          0          0
          0          0          0          0          0          0          0          0          0          0
        121          0          0          0          0         62          0          0          0          0
        442          0          0          0          0       1353          0          0          0          0
          0          0          0          0          0          0          0          0          0          0
          0          0          0          0          0          0          0          0          0          0
          0          0          0          0          0          0          0          0          0          0
          0          0          0          0          0          0          0          0          0          0

              precision    recall  f1-score   support

           0       0.99      0.99      0.99     41837
           4       0.00      0.00      0.00       183
           5       0.79      0.75      0.77      1795

    accuracy                           0.98     43815
   macro avg       0.59      0.58      0.59     43815
weighted avg       0.97      0.98      0.98     43815

