       4619          0        792         23          0         13        464          2          9          1
          0       5167         65          4          0          1        286       1201          3         15
          8          0       3981        475          0          0       1410         42         34          8
          1          0       1648        660          0          0       3647        112         46         17
          0          1       1498         16          0          7       3204       1007         33         76
          3          0       1735         42          0       1186       2377         42         31          5
          9          0       1824         34          0          3       3998         12         33          5
          1          9       1179         18          0          6       2015       2933         28         76
          1          0       2943         20          0         29       2707         78         58         15
          5          1        917          0          0          0       2481       2433         21         91

              precision    recall  f1-score   support

           0       0.99      0.78      0.87      5923
           1       1.00      0.77      0.87      6742
           2       0.24      0.67      0.35      5958
           3       0.51      0.11      0.18      6131
           4       0.00      0.00      0.00      5842
           5       0.95      0.22      0.36      5421
           6       0.18      0.68      0.28      5918
           7       0.37      0.47      0.42      6265
           8       0.20      0.01      0.02      5851
           9       0.29      0.02      0.03      5949

    accuracy                           0.38     60000
   macro avg       0.47      0.37      0.34     60000
weighted avg       0.48      0.38      0.34     60000

