        156          0        908          0          0       3262          0       1596          1          0
         23       5314         28          0          0        286          0       1091          0          0
         51          0       3743          0          0       1873          0        288          3          0
        156          0       1452          0          0       3295          0       1228          0          0
        161          0        901          0          0       3027          0       1749          4          0
         79          0       1116          0          0       3726          0        499          1          0
        157          0       1191          0          0       3244          0       1324          2          0
        137          9        627          0          0       2095          0       3396          1          0
        102          0       2080          0          0       2997          0        667          5          0
        170          1        621          0          0       1924          0       3233          0          0

              precision    recall  f1-score   support

           0       0.13      0.03      0.04      5923
           1       1.00      0.79      0.88      6742
           2       0.30      0.63      0.40      5958
           3       0.00      0.00      0.00      6131
           4       0.00      0.00      0.00      5842
           5       0.14      0.69      0.24      5421
           6       0.00      0.00      0.00      5918
           7       0.23      0.54      0.32      6265
           8       0.29      0.00      0.00      5851
           9       0.00      0.00      0.00      5949

    accuracy                           0.27     60000
   macro avg       0.21      0.27      0.19     60000
weighted avg       0.22      0.27      0.20     60000

