       4585          0        593        432         83         46        184          0          0          0
          0       5527         23         75        266         59        781          9          0          2
          6          0       3390       1872        409          4        277          0          0          0
          0          0       1224       2901        791         13       1182          6          9          5
          0          2        678       1366       1892        483       1206        164          3         48
          1          0        857       1429        653       2030        442          2          5          2
         11          0       1060       2351       1074         39       1381          0          2          0
          1         13        555        910        990          7        561       3128          6         94
          0          1       1622       2168       1045        202        800          1         11          1
          6          1        514        910       1383          1       1117       1871          2        144

              precision    recall  f1-score   support

           0       0.99      0.77      0.87      5923
           1       1.00      0.82      0.90      6742
           2       0.32      0.57      0.41      5958
           3       0.20      0.47      0.28      6131
           4       0.22      0.32      0.26      5842
           5       0.70      0.37      0.49      5421
           6       0.17      0.23      0.20      5918
           7       0.60      0.50      0.55      6265
           8       0.29      0.00      0.00      5851
           9       0.49      0.02      0.05      5949

    accuracy                           0.42     60000
   macro avg       0.50      0.41      0.40     60000
weighted avg       0.50      0.42      0.41     60000

