          1          0       2227          1          0          0          0       3694          0          0
          0       5612        124          0          0          0          0       1006          0          0
          0          0       4990          0          0          0          0        968          0          0
          1          0       3113          3          0          0          0       3014          0          0
          0          1       2407          3          0          0          0       3431          0          0
          0          0       3383          2          0          0          0       2036          0          0
          0          0       2715          3          0          0          0       3200          0          0
          0         18       1698          0          0          0          0       4549          0          0
          0          2       3975          0          0          0          0       1873          1          0
          0          1       1425          2          0          0          0       4521          0          0

              precision    recall  f1-score   support

           0       0.50      0.00      0.00      5923
           1       1.00      0.83      0.91      6742
           2       0.19      0.84      0.31      5958
           3       0.21      0.00      0.00      6131
           4       0.00      0.00      0.00      5842
           5       0.00      0.00      0.00      5421
           6       0.00      0.00      0.00      5918
           7       0.16      0.73      0.26      6265
           8       1.00      0.00      0.00      5851
           9       0.00      0.00      0.00      5949

    accuracy                           0.25     60000
   macro avg       0.31      0.24      0.15     60000
weighted avg       0.32      0.25      0.16     60000

