       4971          0        226        190         47        247         35          1        206          0
          0       6152         76        205        135         72          9         48         19         26
          3          0       4098        790         37        198          3          7        818          4
          4          0        980       4109         15        664          1         24        324         10
          0          0        269         51       4232        152         10        142        298        688
          4          0        558        713         32       3612         21          7        457         17
         19          2        293        125         27        267       4743          0        442          0
          8          5        194        235        176        113          0       4356        169       1009
          4          3        505        437         59        618          3         10       4202         10
          9          0        141         88        692        128          0       1125        181       3585

              precision    recall  f1-score   support

           0       0.99      0.84      0.91      5923
           1       1.00      0.91      0.95      6742
           2       0.56      0.69      0.62      5958
           3       0.59      0.67      0.63      6131
           4       0.78      0.72      0.75      5842
           5       0.59      0.67      0.63      5421
           6       0.98      0.80      0.88      5918
           7       0.76      0.70      0.73      6265
           8       0.59      0.72      0.65      5851
           9       0.67      0.60      0.63      5949

    accuracy                           0.73     60000
   macro avg       0.75      0.73      0.74     60000
weighted avg       0.76      0.73      0.74     60000

