       4826          0         15        257          1         75         17          0        732          0
          0       5737         14        680          5        134          6         11         82         73
          7          0       3306       1120         17          7          1          2       1494          4
          2          0        128       4299          4         10          1         10       1651         26
          0          1         30        214       2713         17          3         78       1004       1782
          2          0          7       1492          7       2485         16          3       1394         15
          9          0         13        439          3        104       3351          0       1999          0
          1          3         13        271         36          0          0       3723        759       1459
          4          0         18       1207         13        115          1          4       4473         16
          2          0          6        233        106          1          0       1137        686       3778

              precision    recall  f1-score   support

           0       0.99      0.81      0.90      5923
           1       1.00      0.85      0.92      6742
           2       0.93      0.55      0.70      5958
           3       0.42      0.70      0.53      6131
           4       0.93      0.46      0.62      5842
           5       0.84      0.46      0.59      5421
           6       0.99      0.57      0.72      5918
           7       0.75      0.59      0.66      6265
           8       0.31      0.76      0.44      5851
           9       0.53      0.64      0.58      5949

    accuracy                           0.64     60000
   macro avg       0.77      0.64      0.67     60000
weighted avg       0.77      0.64      0.67     60000

