       4577          0        924        272          3         12          6          0        129          0
          0       5717         79        732          9          1          2          7        156         39
          5          0       4343        995          2          0          2          2        606          3
          1          0       2016       3124          6          3          1          8        953         19
          0          0       1402         92       2868          5          1         98        464        912
          2          0       1992       1047          6       1130          3          2       1226         13
         10          0       2036       1276          1          2       1795          0        798          0
          1          4        700        155        190          1          0       3657        350       1207
          0          0       2446       1538          6         29          0          4       1815         13
          5          0        773        131        911          0          0       1234        285       2610

              precision    recall  f1-score   support

           0       0.99      0.77      0.87      5923
           1       1.00      0.85      0.92      6742
           2       0.26      0.73      0.38      5958
           3       0.33      0.51      0.40      6131
           4       0.72      0.49      0.58      5842
           5       0.96      0.21      0.34      5421
           6       0.99      0.30      0.46      5918
           7       0.73      0.58      0.65      6265
           8       0.27      0.31      0.29      5851
           9       0.54      0.44      0.48      5949

    accuracy                           0.53     60000
   macro avg       0.68      0.52      0.54     60000
weighted avg       0.68      0.53      0.55     60000

