       4150          0       1306         19          0         23        423          2          0          0
          0       5182         70          6          0          6        281       1183          0         14
         11          0       4458        123          0          1       1318         38          0          9
          1          0       2188        130          0          3       3684        104          0         21
          0          1       1457        102          0        205       3023        985          0         69
          6          0       1719         83          0       1431       2135         40          0          7
         13          0       1904        102          0          7       3876         10          0          6
          0          9       1202         80          0         20       1964       2907          0         83
          2          0       2876        125          0        174       2584         75          1         14
         11          1        923         56          0          6       2468       2399          0         85

              precision    recall  f1-score   support

           0       0.99      0.70      0.82      5923
           1       1.00      0.77      0.87      6742
           2       0.25      0.75      0.37      5958
           3       0.16      0.02      0.04      6131
           4       0.00      0.00      0.00      5842
           5       0.76      0.26      0.39      5421
           6       0.18      0.65      0.28      5918
           7       0.38      0.46      0.42      6265
           8       1.00      0.00      0.00      5851
           9       0.28      0.01      0.03      5949

    accuracy                           0.37     60000
   macro avg       0.50      0.36      0.32     60000
weighted avg       0.50      0.37      0.33     60000

