       5651          0         40         64          3        106         56          1          0          2
         26       6344         30         52         64         67         47         57          7         48
        514          0       2264        728        293       1920         22         32        111         74
        750          0        315       1419         31       3435         14         32         23        112
         26          1        603         73       3115        253         54        184         45       1488
        423          0        195        266         18       4355         78          3         19         64
        630          1        307        141         43        596       4193          0          5          2
         36          7        214        518        210        213          0       4008         20       1039
        403          2        502        424        622       3402         40         16        268        172
         53          0        420         67        161        287          1        811         14       4135

              precision    recall  f1-score   support

           0       0.66      0.95      0.78      5923
           1       1.00      0.94      0.97      6742
           2       0.46      0.38      0.42      5958
           3       0.38      0.23      0.29      6131
           4       0.68      0.53      0.60      5842
           5       0.30      0.80      0.43      5421
           6       0.93      0.71      0.80      5918
           7       0.78      0.64      0.70      6265
           8       0.52      0.05      0.08      5851
           9       0.58      0.70      0.63      5949

    accuracy                           0.60     60000
   macro avg       0.63      0.59      0.57     60000
weighted avg       0.64      0.60      0.58     60000

