       4195          0       1343         58        160        154          2          2          9          0
        117       5272         24          5        221         21          0       1082          0          0
        305          0       3770         57       1326        391          2         95         12          0
       1460          0       1398        141       2342        590         11        176         13          0
         26          0        681          9       3380        139          0       1598          9          0
        761          0       1060         88       2987        445          3         65         12          0
       2649          0       1329        119       1286        509          9          5         12          0
         31          9        498          7       2218         95          0       3401          6          0
        843          0       1860         72       2450        471          5        134         16          0
         79          1        499         11       2130        104          0       3119          6          0

              precision    recall  f1-score   support

           0       0.40      0.71      0.51      5923
           1       1.00      0.78      0.88      6742
           2       0.30      0.63      0.41      5958
           3       0.25      0.02      0.04      6131
           4       0.18      0.58      0.28      5842
           5       0.15      0.08      0.11      5421
           6       0.28      0.00      0.00      5918
           7       0.35      0.54      0.43      6265
           8       0.17      0.00      0.01      5851
           9       0.00      0.00      0.00      5949

    accuracy                           0.34     60000
   macro avg       0.31      0.34      0.27     60000
weighted avg       0.32      0.34      0.28     60000

