       5732          1         22          5         18         49         70          3         21          2
          0       6594         40         15          7         21         14         28         13         10
         76         53       5483         34        138         13         20         55         80          6
         19         20         86       5246         46        355         10         54        249         46
         29         51         37          4       4607         19         65        161         10        859
         34          9          4        234         71       4846         71          8        124         20
        121         15          3          0         39         62       5669          0          9          0
         38        100         77          6        128         11          0       5618         23        264
         25         55         37        190         89        359         26         42       4982         46
         71         19         13         76        338         38          4        632         51       4707

              precision    recall  f1-score   support

           0       0.93      0.97      0.95      5923
           1       0.95      0.98      0.97      6742
           2       0.95      0.92      0.93      5958
           3       0.90      0.86      0.88      6131
           4       0.84      0.79      0.81      5842
           5       0.84      0.89      0.87      5421
           6       0.95      0.96      0.96      5918
           7       0.85      0.90      0.87      6265
           8       0.90      0.85      0.87      5851
           9       0.79      0.79      0.79      5949

    accuracy                           0.89     60000
   macro avg       0.89      0.89      0.89     60000
weighted avg       0.89      0.89      0.89     60000

