       5799          3         20          9          1         20         48          8          8          7
          1       6651         30          8          7          1         11         11          6         16
         24         44       5689         38          5         11         10         58         52         27
          3         19         64       5678          1        168          2         39        134         23
          5         42         16          0       5240          2         36         19         21        461
         12          4         10        198          5       5024         54         11         84         19
         23          6          6          1          7         49       5807          0         19          0
          4         52         56         20         44          4          0       5767         33        285
         12         48         18        133         27        176         26         18       5334         59
         11         27          7         87        176         29         13        166         40       5393

              precision    recall  f1-score   support

           0       0.98      0.98      0.98      5923
           1       0.96      0.99      0.98      6742
           2       0.96      0.95      0.96      5958
           3       0.92      0.93      0.92      6131
           4       0.95      0.90      0.92      5842
           5       0.92      0.93      0.92      5421
           6       0.97      0.98      0.97      5918
           7       0.95      0.92      0.93      6265
           8       0.93      0.91      0.92      5851
           9       0.86      0.91      0.88      5949

    accuracy                           0.94     60000
   macro avg       0.94      0.94      0.94     60000
weighted avg       0.94      0.94      0.94     60000

