       5456         18         76         47          6        149        127          3         41          0
          0       6592         60         17          3          6          9          7         29         19
         67        157       5280         97         29         13         32        104        170          9
         18         67        190       4985         12        367         20         53        349         70
          3         99        199          4       3743         16         70        110          6       1592
         35         46        189        800         47       4030         67         11        148         48
         87         86        204         17          7        122       5385          0         10          0
          5        184        132          4        165         15          0       5357         17        386
         30         88        147        538         56        291         23         57       4529         92
         23         59         69         91       1313         19          6        899         48       3422

              precision    recall  f1-score   support

           0       0.95      0.92      0.94      5923
           1       0.89      0.98      0.93      6742
           2       0.81      0.89      0.84      5958
           3       0.76      0.81      0.78      6131
           4       0.70      0.64      0.67      5842
           5       0.80      0.74      0.77      5421
           6       0.94      0.91      0.92      5918
           7       0.81      0.86      0.83      6265
           8       0.85      0.77      0.81      5851
           9       0.61      0.58      0.59      5949

    accuracy                           0.81     60000
   macro avg       0.81      0.81      0.81     60000
weighted avg       0.81      0.81      0.81     60000

