       5794          1         28         13         12         16         48          2          6          3
          0       6572         60          8         18         29         15          9         13         18
         32         25       5733         25         14         13         10         34         60         12
          5         11         97       5537          9        206          8         39        152         67
          5         35         40          4       5256          3         39         25          6        429
         19          4         24        254         19       4875         83          5        111         27
         25          8         10          2         19         28       5809          0         17          0
          2         47        106          3         94          3          0       5755          7        248
         20         41         84        113         47        200         31         16       5197        102
         13         13         34         67        348         32         10        185         36       5211

              precision    recall  f1-score   support

           0       0.98      0.98      0.98      5923
           1       0.97      0.97      0.97      6742
           2       0.92      0.96      0.94      5958
           3       0.92      0.90      0.91      6131
           4       0.90      0.90      0.90      5842
           5       0.90      0.90      0.90      5421
           6       0.96      0.98      0.97      5918
           7       0.95      0.92      0.93      6265
           8       0.93      0.89      0.91      5851
           9       0.85      0.88      0.86      5949

    accuracy                           0.93     60000
   macro avg       0.93      0.93      0.93     60000
weighted avg       0.93      0.93      0.93     60000

