      32374          0          0          0          0          0          0          0          0          0
        119          0          0          0          0          0          0          0          0          0
       2880          0         70          0          0          0          0          0          0         22
       1795          0          0          0          0          0          0          0          0          0
       1796          0          0          0          0          0          0          0          0          0
       1795          0          0          0          0          0          0          0          0          0
       1195          0          0          0          0          0          5          0          0          0
       1200          0          0          0          0          0          0          0          0          0
       1174          0          0          0          0          0          0          0          0         21
       3272          0         20          0          0          0          0          0          0        117

              precision    recall  f1-score   support

           0       0.68      1.00      0.81     32374
           1       0.00      0.00      0.00       119
           2       0.78      0.02      0.05      2972
           3       0.00      0.00      0.00      1795
           4       0.00      0.00      0.00      1796
           5       0.00      0.00      0.00      1795
           6       1.00      0.00      0.01      1200
           7       0.00      0.00      0.00      1200
           8       0.00      0.00      0.00      1195
           9       0.73      0.03      0.07      3409

    accuracy                           0.68     47855
   macro avg       0.32      0.11      0.09     47855
weighted avg       0.59      0.68      0.56     47855

