      32374          0          0          0          0          0          0          0          0          0
        119          0          0          0          0          0          0          0          0          0
       2390          0        417          0          0          0          0          0          0        165
       1795          0          0          0          0          0          0          0          0          0
       1796          0          0          0          0          0          0          0          0          0
       1794          0          0          0          0          0          0          0          0          1
       1013          0          0          0          0          0         10          0          0        177
       1118          0          2          0          0          0          1          0          0         79
        996          0          0          0          0          0          0          0          0        199
       2718          0         75          0          0          0          0          0          0        616

              precision    recall  f1-score   support

           0       0.70      1.00      0.82     32374
           1       0.00      0.00      0.00       119
           2       0.84      0.14      0.24      2972
           3       0.00      0.00      0.00      1795
           4       0.00      0.00      0.00      1796
           5       0.00      0.00      0.00      1795
           6       0.91      0.01      0.02      1200
           7       0.00      0.00      0.00      1200
           8       0.00      0.00      0.00      1195
           9       0.50      0.18      0.27      3409

    accuracy                           0.70     47855
   macro avg       0.30      0.13      0.13     47855
weighted avg       0.59      0.70      0.59     47855

