      32374          0          0          0          0          0          0          0          0          0
        119          0          0          0          0          0          0          0          0          0
       2852          0         85          0          0          0          0          0          0         35
       1795          0          0          0          0          0          0          0          0          0
       1796          0          0          0          0          0          0          0          0          0
       1795          0          0          0          0          0          0          0          0          0
       1199          0          0          0          0          0          0          0          0          1
       1199          0          0          0          0          0          0          0          0          1
       1161          0          1          0          0          0          0          0          0         33
       3239          0         11          0          0          0          0          0          0        159

              precision    recall  f1-score   support

           0       0.68      1.00      0.81     32374
           1       0.00      0.00      0.00       119
           2       0.88      0.03      0.06      2972
           3       0.00      0.00      0.00      1795
           4       0.00      0.00      0.00      1796
           5       0.00      0.00      0.00      1795
           6       0.00      0.00      0.00      1200
           7       0.00      0.00      0.00      1200
           8       0.00      0.00      0.00      1195
           9       0.69      0.05      0.09      3409

    accuracy                           0.68     47855
   macro avg       0.23      0.11      0.10     47855
weighted avg       0.56      0.68      0.56     47855

