      20270        509        118          0
        688       2781         19          0
        468        184        690          0
         25         14          1        284

              precision    recall  f1-score   support

           0       0.94      0.97      0.96     20897
           1       0.80      0.80      0.80      3488
           2       0.83      0.51      0.64      1342
           3       1.00      0.88      0.93       324

    accuracy                           0.92     26051
   macro avg       0.89      0.79      0.83     26051
weighted avg       0.92      0.92      0.92     26051

