      20610        246         41          0
        385       3101          2          0
        227         47       1068          0
         12          0          0        312

              precision    recall  f1-score   support

           0       0.97      0.99      0.98     20897
           1       0.91      0.89      0.90      3488
           2       0.96      0.80      0.87      1342
           3       1.00      0.96      0.98       324

    accuracy                           0.96     26051
   macro avg       0.96      0.91      0.93     26051
weighted avg       0.96      0.96      0.96     26051

