      20866         27          4          0
        231       3257          0          0
         65          0       1277          0
          5          0          0        319

              precision    recall  f1-score   support

           0       0.99      1.00      0.99     20897
           1       0.99      0.93      0.96      3488
           2       1.00      0.95      0.97      1342
           3       1.00      0.98      0.99       324

    accuracy                           0.99     26051
   macro avg       0.99      0.97      0.98     26051
weighted avg       0.99      0.99      0.99     26051

