      20897          0          0          0
         12       3476          0          0
          7          0       1335          0
          0          0          0        324

              precision    recall  f1-score   support

           0       1.00      1.00      1.00     20897
           1       1.00      1.00      1.00      3488
           2       1.00      0.99      1.00      1342
           3       1.00      1.00      1.00       324

    accuracy                           1.00     26051
   macro avg       1.00      1.00      1.00     26051
weighted avg       1.00      1.00      1.00     26051

