      20152        619        126          0
        963       2470         53          2
        548        282        511          1
         52         22         22        228

              precision    recall  f1-score   support

           0       0.93      0.96      0.95     20897
           1       0.73      0.71      0.72      3488
           2       0.72      0.38      0.50      1342
           3       0.99      0.70      0.82       324

    accuracy                           0.90     26051
   macro avg       0.84      0.69      0.75     26051
weighted avg       0.89      0.90      0.89     26051

