      20799         73         25          0
        331       3157          0          0
        176         26       1140          0
          8          0          0        316

              precision    recall  f1-score   support

           0       0.98      1.00      0.99     20897
           1       0.97      0.91      0.94      3488
           2       0.98      0.85      0.91      1342
           3       1.00      0.98      0.99       324

    accuracy                           0.98     26051
   macro avg       0.98      0.93      0.95     26051
weighted avg       0.98      0.98      0.97     26051

