      20121        643        133          0
        887       2568         33          0
        608        258        475          1
         38         14         17        255

              precision    recall  f1-score   support

           0       0.93      0.96      0.95     20897
           1       0.74      0.74      0.74      3488
           2       0.72      0.35      0.47      1342
           3       1.00      0.79      0.88       324

    accuracy                           0.90     26051
   macro avg       0.85      0.71      0.76     26051
weighted avg       0.89      0.90      0.89     26051

