      20884          7          6          0
         90       3398          0          0
         46          0       1296          0
          0          0          0        324

              precision    recall  f1-score   support

           0       0.99      1.00      1.00     20897
           1       1.00      0.97      0.99      3488
           2       1.00      0.97      0.98      1342
           3       1.00      1.00      1.00       324

    accuracy                           0.99     26051
   macro avg       1.00      0.98      0.99     26051
weighted avg       0.99      0.99      0.99     26051

