         33          0          0          1          1          0
          0        150          5        143          1          0
          0         53        145        377          5          7
          0        456        415      34755        306        398
          4          3          2        252        300         29
          0          0          0         13          1       1186

              precision    recall  f1-score   support

           0       0.89      0.94      0.92        35
           1       0.23      0.50      0.31       299
           2       0.26      0.25      0.25       587
           3       0.98      0.96      0.97     36330
           4       0.49      0.51      0.50       590
           5       0.73      0.99      0.84      1200

    accuracy                           0.94     39041
   macro avg       0.60      0.69      0.63     39041
weighted avg       0.95      0.94      0.94     39041

