         33          0          0          1          1          0
          0        240         15         41          3          0
          0        125        192        230          9         31
         17       2082       2757      28462       1166       1846
          3          9          9        121        372         76
          0          0         17        110         46       1027

              precision    recall  f1-score   support

           0       0.62      0.94      0.75        35
           1       0.10      0.80      0.17       299
           2       0.06      0.33      0.11       587
           3       0.98      0.78      0.87     36330
           4       0.23      0.63      0.34       590
           5       0.34      0.86      0.49      1200

    accuracy                           0.78     39041
   macro avg       0.39      0.72      0.46     39041
weighted avg       0.93      0.78      0.84     39041

