         33          0          0          1          1          0
          0        229         13         55          2          0
          0        110        176        266          8         27
          7       1630       1869      30419        938       1467
          3          6         10        129        348         94
          0          0          8        113          8       1071

              precision    recall  f1-score   support

           0       0.77      0.94      0.85        35
           1       0.12      0.77      0.20       299
           2       0.08      0.30      0.13       587
           3       0.98      0.84      0.90     36330
           4       0.27      0.59      0.37       590
           5       0.40      0.89      0.56      1200

    accuracy                           0.83     39041
   macro avg       0.44      0.72      0.50     39041
weighted avg       0.93      0.83      0.87     39041

