       4726          0         26          5         13         18         49          3          5         28
          2        452          1          0          0          0          4          0          0          0
       2309         66       6912        677        442        314        310        234        112        215
       1412         21       2149       3811        641        119        287        163        150        187
        562         33       1330       1136       2567        237        126        103         56        156
        405          1       1172        568        515       1603         27         38         14         35
        188         12        411        261        176         71       1171         48         25         37
         74          2        380        283        193         74        228       1003        139         24
        126          5        341        268        215         73        206        224        809         46
        711          7        854        751        412        155        287        181        183       1922

              precision    recall  f1-score   support

           0       0.45      0.97      0.61      4873
           1       0.75      0.98      0.85       459
           2       0.51      0.60      0.55     11591
           3       0.49      0.43      0.46      8940
           4       0.50      0.41      0.45      6306
           5       0.60      0.37      0.46      4378
           6       0.43      0.49      0.46      2400
           7       0.50      0.42      0.46      2400
           8       0.54      0.35      0.43      2313
           9       0.73      0.35      0.47      5463

    accuracy                           0.51     49123
   macro avg       0.55      0.54      0.52     49123
weighted avg       0.53      0.51      0.50     49123



running time in seconds: 71.919

