       4651          0         37         22         32         22         64         11          6         28
          3        439          5          1          3          0          4          2          2          0
       2451         51       4470        862        939        733        740        516        340        489
       1549         16       1287       2757        994        327        831        407        369        403
        573         48        798        606       2705        451        294        234        196        401
        449          2        677        340        698       1833         97        136         66         80
        190          5        218        146        146         63       1361        114         91         66
         92          7        195         95        124         88        337       1172        241         49
        142          2        199         77        163         74        204        356        975        121
        878          9        502        339        412        167        474        196        487       1999

              precision    recall  f1-score   support

           0       0.42      0.95      0.59      4873
           1       0.76      0.96      0.85       459
           2       0.53      0.39      0.45     11591
           3       0.53      0.31      0.39      8940
           4       0.44      0.43      0.43      6306
           5       0.49      0.42      0.45      4378
           6       0.31      0.57      0.40      2400
           7       0.37      0.49      0.42      2400
           8       0.35      0.42      0.38      2313
           9       0.55      0.37      0.44      5463

    accuracy                           0.46     49123
   macro avg       0.47      0.53      0.48     49123
weighted avg       0.48      0.46      0.45     49123



running time in seconds: 77.263

