       4570          4        106         53         34         10         54         29          4          9
         12        445          1          0          0          0          1          0          0          0
       2736        142       5911        778        805        394        391        146        113        175
       1759         52       2472       2799        854        134        430        226        108        106
        829        114       1572       1051       2213        166        145        101         39         76
        609          7       1298        526        819        950         68         41         24         36
        259         22        464        298        230         69        948         51         27         32
        159         13        438        303        254        109        358        654         97         15
        213          8        441        322        325         79        219        256        421         29
       1101         19       1049        864        789        176        362        179        111        813

              precision    recall  f1-score   support

           0       0.37      0.94      0.53      4873
           1       0.54      0.97      0.69       459
           2       0.43      0.51      0.47     11591
           3       0.40      0.31      0.35      8940
           4       0.35      0.35      0.35      6306
           5       0.46      0.22      0.29      4378
           6       0.32      0.40      0.35      2400
           7       0.39      0.27      0.32      2400
           8       0.45      0.18      0.26      2313
           9       0.63      0.15      0.24      5463

    accuracy                           0.40     49123
   macro avg       0.43      0.43      0.39     49123
weighted avg       0.43      0.40      0.38     49123



running time in seconds: 48.995

