       4554          0         82         34         52         17        107          4         14          9
         16        423          6          2          3          0          9          0          0          0
       2998         75       4156       1055        813        502        814        360        427        391
       1931         16       1329       2517        907        270        907        410        332        321
        863         56        936        924       2184        307        331        244        210        251
        666          5        846        476        886       1116        168         73         62         80
        171          4        306        174        178         51       1270        103         71         72
        161         10        359        178        157         83        446        780        158         68
        298          3        341        151        147         72        239        425        521        116
       1149         16        800        509        611        124        534        272        396       1052

              precision    recall  f1-score   support

           0       0.36      0.93      0.52      4873
           1       0.70      0.92      0.79       459
           2       0.45      0.36      0.40     11591
           3       0.42      0.28      0.34      8940
           4       0.37      0.35      0.36      6306
           5       0.44      0.25      0.32      4378
           6       0.26      0.53      0.35      2400
           7       0.29      0.33      0.31      2400
           8       0.24      0.23      0.23      2313
           9       0.45      0.19      0.27      5463

    accuracy                           0.38     49123
   macro avg       0.40      0.44      0.39     49123
weighted avg       0.40      0.38      0.36     49123



running time in seconds: 12.270

