       4654          0         34         21         32         23         42         11          6         50
          3        442          3          0          4          0          5          1          1          0
       2439         57       5019        698        735        734        570        472        303        564
       1483         16       1680       2927        848        299        567        345        307        468
        596         27        994        608       2710        442        233        172        149        375
        453          2        781        272        584       1976         79        101         46         84
        202          7        303        169        107         49       1313         98         77         75
         76          5        260        123        105         90        258       1181        253         49
        129          3        254        141        120         53        137        333       1004        139
        784          8        679        372        321        122        366        138        449       2224

              precision    recall  f1-score   support

           0       0.43      0.96      0.59      4873
           1       0.78      0.96      0.86       459
           2       0.50      0.43      0.46     11591
           3       0.55      0.33      0.41      8940
           4       0.49      0.43      0.46      6306
           5       0.52      0.45      0.48      4378
           6       0.37      0.55      0.44      2400
           7       0.41      0.49      0.45      2400
           8       0.39      0.43      0.41      2313
           9       0.55      0.41      0.47      5463

    accuracy                           0.48     49123
   macro avg       0.50      0.54      0.50     49123
weighted avg       0.50      0.48      0.47     49123



running time in seconds: 71.641

