       4407          6        106         17         37         59        154         33         30         24
         12        434          3          1          0          0          5          1          2          1
       2793        138       4014        633        913        751        810        360        426        753
       1900         54       1355       2218        908        356        858        519        279        493
        879        143        995        654       2119        403        377        225        148        363
        628         13        794        359        822       1214        178        104        141        125
        203         21        295        101        161         62       1234        128        105         90
        170         20        360        153        138         77        463        767        168         84
        271          8        266        118        182         57        219        407        627        158
       1151         30        634        337        511        165        563        290        410       1372

              precision    recall  f1-score   support

           0       0.36      0.90      0.51      4873
           1       0.50      0.95      0.65       459
           2       0.45      0.35      0.39     11591
           3       0.48      0.25      0.33      8940
           4       0.37      0.34      0.35      6306
           5       0.39      0.28      0.32      4378
           6       0.25      0.51      0.34      2400
           7       0.27      0.32      0.29      2400
           8       0.27      0.27      0.27      2313
           9       0.40      0.25      0.31      5463

    accuracy                           0.37     49123
   macro avg       0.37      0.44      0.38     49123
weighted avg       0.40      0.37      0.36     49123



running time in seconds: 48.171

