       4292          0        313         94         68         23         22          3          5         53
          2        419         16          5          8          2          4          1          1          1
        353         14       9723        654        271        223         89         83         42        139
        221          2       1290       6455        500        118         46         59         55        194
         84          3        749        666       4270        231         50         48         38        167
         74          0        785        233        377       2810         22         27         16         34
        118          0        356        291        112         36       1320         66         37         64
         26          0        311        216        163         58        106       1328        140         52
         49          3        295        198        145         44         41        144       1228        166
        187          0        523        453        349         91         76         42         87       3655

              precision    recall  f1-score   support

           0       0.79      0.88      0.84      4873
           1       0.95      0.91      0.93       459
           2       0.68      0.84      0.75     11591
           3       0.70      0.72      0.71      8940
           4       0.68      0.68      0.68      6306
           5       0.77      0.64      0.70      4378
           6       0.74      0.55      0.63      2400
           7       0.74      0.55      0.63      2400
           8       0.74      0.53      0.62      2313
           9       0.81      0.67      0.73      5463

    accuracy                           0.72     49123
   macro avg       0.76      0.70      0.72     49123
weighted avg       0.73      0.72      0.72     49123



running time in seconds: 207.221

