       4530          3        149         21         51         39         43          3          8         26
          8        428          7          3          4          0          5          2          2          0
       2845         92       4193        795       1121        557        780        350        372        486
       2147         18       1272       1973       1075        265        981        441        328        440
       1055         62       1007        720       2049        318        346        225        261        263
        602          1       1016        361        811       1212        154        117         51         53
        266          6        383        153        201         55       1165         84         36         51
        199         13        372        132        232         98        389        780        145         40
        297          2        415        154        144         60        239        368        536         98
       1259         15        791        420        405        129        548        251        446       1199

              precision    recall  f1-score   support

           0       0.34      0.93      0.50      4873
           1       0.67      0.93      0.78       459
           2       0.44      0.36      0.40     11591
           3       0.42      0.22      0.29      8940
           4       0.34      0.32      0.33      6306
           5       0.44      0.28      0.34      4378
           6       0.25      0.49      0.33      2400
           7       0.30      0.33      0.31      2400
           8       0.25      0.23      0.24      2313
           9       0.45      0.22      0.30      5463

    accuracy                           0.37     49123
   macro avg       0.39      0.43      0.38     49123
weighted avg       0.39      0.37      0.35     49123



running time in seconds: 13.042

