       4536          5         93         29         45         40         67         30         14         14
         16        430          4          1          2          0          4          0          1          1
       3059        119       3608        673       1088        737        733        281        401        892
       2181         48       1256       1770       1051        323       1027        422        245        617
       1006         94        870        613       2365        277        332        151        102        496
        654         11        734        286       1028       1183        193        103        101         85
        276         15        308        135        254         61       1064        100        101         86
        196         22        332        129        269        106        397        691        168         90
        263         13        220        107        237         85        249        323        634        182
       1374         23        527        305        520        193        442        206        319       1554

              precision    recall  f1-score   support

           0       0.33      0.93      0.49      4873
           1       0.55      0.94      0.69       459
           2       0.45      0.31      0.37     11591
           3       0.44      0.20      0.27      8940
           4       0.34      0.38      0.36      6306
           5       0.39      0.27      0.32      4378
           6       0.24      0.44      0.31      2400
           7       0.30      0.29      0.29      2400
           8       0.30      0.27      0.29      2313
           9       0.39      0.28      0.33      5463

    accuracy                           0.36     49123
   macro avg       0.37      0.43      0.37     49123
weighted avg       0.39      0.36      0.35     49123



running time in seconds: 51.734

