       4499          5         90         42         26         12         78         30         15         76
         11        439          4          1          0          0          1          1          2          0
       2639        137       5054        762        735        542        517        280        318        607
       1619         54       2068       2494        844        214        666        364        182        435
        741        105       1441        893       2037        309        208        153         95        324
        637          8       1276        362        582       1097        131         95        108         82
        263         16        511        160        157         41       1021         88         65         78
        174         28        454        206        185         86        301        755        148         63
        231         12        440        231        192         49        142        309        578        129
        938         31        888        555        489        124        368        149        265       1656

              precision    recall  f1-score   support

           0       0.38      0.92      0.54      4873
           1       0.53      0.96      0.68       459
           2       0.41      0.44      0.42     11591
           3       0.44      0.28      0.34      8940
           4       0.39      0.32      0.35      6306
           5       0.44      0.25      0.32      4378
           6       0.30      0.43      0.35      2400
           7       0.34      0.31      0.33      2400
           8       0.33      0.25      0.28      2313
           9       0.48      0.30      0.37      5463

    accuracy                           0.40     49123
   macro avg       0.40      0.45      0.40     49123
weighted avg       0.41      0.40      0.38     49123



running time in seconds: 51.614

