       4688          0         56         24         43         15         18          2          3         24
          8        418          6          4          9          1          8          2          3          0
       2276         27       4347        882       1031        802        833        388        364        641
       1552          2       1390       2335       1157        409        963        323        315        494
        461         21        785        564       2828        503        323        211        203        407
        507          1        686        227        729       1880         90         77         41        140
        301          1        258        102        143         56       1280         90         93         76
        161          2        235        136        130        100        387        892        292         65
        211          1        255        119        134         80        177        283        937        116
        970          3        583        298        412        164        460        110        508       1955

              precision    recall  f1-score   support

           0       0.42      0.96      0.59      4873
           1       0.88      0.91      0.89       459
           2       0.51      0.38      0.43     11591
           3       0.50      0.26      0.34      8940
           4       0.43      0.45      0.44      6306
           5       0.47      0.43      0.45      4378
           6       0.28      0.53      0.37      2400
           7       0.38      0.37      0.37      2400
           8       0.34      0.41      0.37      2313
           9       0.50      0.36      0.42      5463

    accuracy                           0.44     49123
   macro avg       0.47      0.51      0.47     49123
weighted avg       0.46      0.44      0.43     49123



running time in seconds: 21.819

