       4615          1         58         22         34         12         71          8          8         44
         12        425          4          2          5          1          5          1          2          2
       2671         76       3217        735        905       1031       1025        610        505        816
       1990         18        974       2179        870        505       1014        309        431        650
        886         64        670        619       2165        602        415        210        208        467
        626          3        549        250        640       1743        171        183         85        128
        278          1        172        114        168         80       1299         88         98        102
        238          8        170        115        181        103        469        750        286         80
        269          5        188         83        172        109        221        241        849        176
       1323         12        496        256        317        268        545        161        434       1651

              precision    recall  f1-score   support

           0       0.36      0.95      0.52      4873
           1       0.69      0.93      0.79       459
           2       0.50      0.28      0.36     11591
           3       0.50      0.24      0.33      8940
           4       0.40      0.34      0.37      6306
           5       0.39      0.40      0.39      4378
           6       0.25      0.54      0.34      2400
           7       0.29      0.31      0.30      2400
           8       0.29      0.37      0.33      2313
           9       0.40      0.30      0.34      5463

    accuracy                           0.38     49123
   macro avg       0.41      0.47      0.41     49123
weighted avg       0.42      0.38      0.37     49123



running time in seconds: 69.633

