       4465          0        246         66         40         19         15          1          1         20
          2        438          6          4          6          0          3          0          0          0
        240         11      10303        484        165        130         76         63         33         86
        147          2       1011       7087        347         79         41         57         47        122
         69          4        565        528       4768        157         33         41         28        113
         61          0        576        188        355       3122         14         20         13         29
         65          0        293        215         90         32       1568         59         30         48
         10          0        239        162        120         43        102       1556        127         41
         37          0        217        157        115         30         43        149       1448        117
        120          0        387        394        293         67         60         48        118       3976

              precision    recall  f1-score   support

           0       0.86      0.92      0.89      4873
           1       0.96      0.95      0.96       459
           2       0.74      0.89      0.81     11591
           3       0.76      0.79      0.78      8940
           4       0.76      0.76      0.76      6306
           5       0.85      0.71      0.77      4378
           6       0.80      0.65      0.72      2400
           7       0.78      0.65      0.71      2400
           8       0.78      0.63      0.70      2313
           9       0.87      0.73      0.79      5463

    accuracy                           0.79     49123
   macro avg       0.82      0.77      0.79     49123
weighted avg       0.79      0.79      0.79     49123



running time in seconds: 98.516

