         19          0          0          0          0          0
          4        120         31         40         49         55
          1         17        160         21         42         59
         15        394        353      13942       1061       2030
          3         37         68        103        742        237
          3         33         56        119        188       1406

              precision    recall  f1-score   support

           0       0.42      1.00      0.59        19
           1       0.20      0.40      0.27       299
           2       0.24      0.53      0.33       300
           3       0.98      0.78      0.87     17795
           4       0.36      0.62      0.45      1190
           5       0.37      0.78      0.50      1805

    accuracy                           0.77     21408
   macro avg       0.43      0.69      0.50     21408
weighted avg       0.87      0.77      0.80     21408



running time in seconds: 12.512

