         19          0          0          0          0          0
          3        173         88          6         23          6
          1         13        255          7         16          8
         15       1760       1506      12200       1122       1192
          6         99        290         30        672         93
          5        135        302         53        216       1094

              precision    recall  f1-score   support

           0       0.39      1.00      0.56        19
           1       0.08      0.58      0.14       299
           2       0.10      0.85      0.19       300
           3       0.99      0.69      0.81     17795
           4       0.33      0.56      0.41      1190
           5       0.46      0.61      0.52      1805

    accuracy                           0.67     21408
   macro avg       0.39      0.71      0.44     21408
weighted avg       0.88      0.67      0.75     21408



running time in seconds: 18.937

