         19          0          0          0          0          0
        298          1          0          0          0          0
        298          0          2          0          0          0
      17481          0          0        295          0         19
       1182          0          0          0          8          0
       1727          0          0          0          1         77

              precision    recall  f1-score   support

           0       0.00      1.00      0.00        19
           1       1.00      0.00      0.01       299
           2       1.00      0.01      0.01       300
           3       1.00      0.02      0.03     17795
           4       0.89      0.01      0.01      1190
           5       0.80      0.04      0.08      1805

    accuracy                           0.02     21408
   macro avg       0.78      0.18      0.02     21408
weighted avg       0.98      0.02      0.03     21408



running time in seconds: 12.619

