         19          0          0          0          0          0
         68         91         31         24         35         50
         34         15        120         29         46         56
       3646        335        313      10751        775       1975
        282         28         54         96        500        230
        189         32         43         95        172       1274

              precision    recall  f1-score   support

           0       0.00      1.00      0.01        19
           1       0.18      0.30      0.23       299
           2       0.21      0.40      0.28       300
           3       0.98      0.60      0.75     17795
           4       0.33      0.42      0.37      1190
           5       0.36      0.71      0.47      1805

    accuracy                           0.60     21408
   macro avg       0.34      0.57      0.35     21408
weighted avg       0.87      0.60      0.69     21408



running time in seconds: 8.680

