         19          0          0          0          0          0
          3        151         53         22         35         35
          2         21        158         27         46         46
         16        833        714      12776       1153       2303
          9         63        123         87        685        223
          4         70        109        102        199       1321

              precision    recall  f1-score   support

           0       0.36      1.00      0.53        19
           1       0.13      0.51      0.21       299
           2       0.14      0.53      0.22       300
           3       0.98      0.72      0.83     17795
           4       0.32      0.58      0.41      1190
           5       0.34      0.73      0.46      1805

    accuracy                           0.71     21408
   macro avg       0.38      0.68      0.44     21408
weighted avg       0.87      0.71      0.76     21408



running time in seconds: 8.556

