         19          0          0          0          0          0
          3        116         37         59         37         47
          1         16        148         38         45         52
          7        310        325      14920        720       1513
          3         31         77        179        655        245
          3         32         63        234        194       1279

              precision    recall  f1-score   support

           0       0.53      1.00      0.69        19
           1       0.23      0.39      0.29       299
           2       0.23      0.49      0.31       300
           3       0.97      0.84      0.90     17795
           4       0.40      0.55      0.46      1190
           5       0.41      0.71      0.52      1805

    accuracy                           0.80     21408
   macro avg       0.46      0.66      0.53     21408
weighted avg       0.87      0.80      0.82     21408



running time in seconds: 15.862

