        252          0          0          0          5          0
         22       1008        164         14        209         12
         12        291        763         11        114          3
        128       2821       3419       9405       1876        888
        178        885        416        166       2556        483
        136       1680       1223        432       1173       2707

                precision    recall  f1-score   support

       seizure       0.35      0.98      0.51       257
 pre-ictal-10m       0.15      0.71      0.25      1429
 pre-ictal-20m       0.13      0.64      0.21      1194
    interictal       0.94      0.51      0.66     18537
post-ictal-20m       0.43      0.55      0.48      4684
post-ictal-60m       0.66      0.37      0.47      7351

      accuracy                           0.50     33452
     macro avg       0.44      0.62      0.43     33452
  weighted avg       0.74      0.50      0.56     33452

