         33          0          0          2          0          0
          0        250          0         49          0          0
          0        153          2        405          0         27
         59       4101          3      30427         43       1697
         18         34          0        458         29         51
          7         20          0        630         14        529

              precision    recall  f1-score   support

           0       0.28      0.94      0.43        35
           1       0.05      0.84      0.10       299
           2       0.40      0.00      0.01       587
           3       0.95      0.84      0.89     36330
           4       0.34      0.05      0.09       590
           5       0.23      0.44      0.30      1200

    accuracy                           0.80     39041
   macro avg       0.38      0.52      0.30     39041
weighted avg       0.90      0.80      0.84     39041



running time in seconds: 44.610

