         34          0          0          1          0          0
          0        106         18        170          5          0
          1         48         80        372          4         82
        103        818        712      28632        778       5287
         15          7         11        193        223        141
          5          1         10        253         65        866

              precision    recall  f1-score   support

           0       0.22      0.97      0.35        35
           1       0.11      0.35      0.17       299
           2       0.10      0.14      0.11       587
           3       0.97      0.79      0.87     36330
           4       0.21      0.38      0.27       590
           5       0.14      0.72      0.23      1200

    accuracy                           0.77     39041
   macro avg       0.29      0.56      0.33     39041
weighted avg       0.91      0.77      0.82     39041



running time in seconds: 12.540

