         28          0          0          3          4          0
          0         96          4        199          0          0
          0         13        188        385          0          1
          0         12         12      36241         21         44
          0          0          0        265        307         18
          0          0          1        216          5        978

              precision    recall  f1-score   support

           0       1.00      0.80      0.89        35
           1       0.79      0.32      0.46       299
           2       0.92      0.32      0.47       587
           3       0.97      1.00      0.98     36330
           4       0.91      0.52      0.66       590
           5       0.94      0.81      0.87      1200

    accuracy                           0.97     39041
   macro avg       0.92      0.63      0.72     39041
weighted avg       0.97      0.97      0.96     39041



running time in seconds: 35.320

