         34          0          0          1          0          0
          0          5          0        293          0          1
          0          1          4        537          0         45
         35         13         11      34875        224       1172
          6          0          0        336        149         99
          2          0          0        553         22        623

              precision    recall  f1-score   support

           0       0.44      0.97      0.61        35
           1       0.26      0.02      0.03       299
           2       0.27      0.01      0.01       587
           3       0.95      0.96      0.96     36330
           4       0.38      0.25      0.30       590
           5       0.32      0.52      0.40      1200

    accuracy                           0.91     39041
   macro avg       0.44      0.45      0.38     39041
weighted avg       0.91      0.91      0.91     39041



running time in seconds: 34.964

