         27          0          0          3          5          0
          0         76          3        220          0          0
          0          9        198        379          0          1
          0         19         18      36214         29         50
          0          0          1        257        313         19
          0          0          0        214          6        980

              precision    recall  f1-score   support

           0       1.00      0.77      0.87        35
           1       0.73      0.25      0.38       299
           2       0.90      0.34      0.49       587
           3       0.97      1.00      0.98     36330
           4       0.89      0.53      0.66       590
           5       0.93      0.82      0.87      1200

    accuracy                           0.97     39041
   macro avg       0.90      0.62      0.71     39041
weighted avg       0.97      0.97      0.96     39041



running time in seconds: 22.289

