         27          0          0          3          5          0
          0         73          3        223          0          0
          0          8        183        395          0          1
          0         14         16      36224         32         44
          0          0          0        282        289         19
          0          0          0        233          8        959

              precision    recall  f1-score   support

           0       1.00      0.77      0.87        35
           1       0.77      0.24      0.37       299
           2       0.91      0.31      0.46       587
           3       0.97      1.00      0.98     36330
           4       0.87      0.49      0.63       590
           5       0.94      0.80      0.86      1200

    accuracy                           0.97     39041
   macro avg       0.91      0.60      0.70     39041
weighted avg       0.96      0.97      0.96     39041



running time in seconds: 22.974

