         33          0          0          2          0          0
          0        252          0         47          0          0
          0        141          1        423          0         22
         58       3671          6      30708         96       1791
         18         23          0        425         56         68
          8         12          0        536         25        619

              precision    recall  f1-score   support

           0       0.28      0.94      0.43        35
           1       0.06      0.84      0.11       299
           2       0.14      0.00      0.00       587
           3       0.96      0.85      0.90     36330
           4       0.32      0.09      0.15       590
           5       0.25      0.52      0.33      1200

    accuracy                           0.81     39041
   macro avg       0.33      0.54      0.32     39041
weighted avg       0.90      0.81      0.85     39041



running time in seconds: 44.409

