         29          0          0          2          4          0
          0        162          8        129          0          0
          0         18        299        269          0          1
          1         26         39      36199         24         41
          1          1          0        183        392         13
          0          0          1        147          8       1044

              precision    recall  f1-score   support

           0       0.94      0.83      0.88        35
           1       0.78      0.54      0.64       299
           2       0.86      0.51      0.64       587
           3       0.98      1.00      0.99     36330
           4       0.92      0.66      0.77       590
           5       0.95      0.87      0.91      1200

    accuracy                           0.98     39041
   macro avg       0.90      0.74      0.80     39041
weighted avg       0.97      0.98      0.97     39041



running time in seconds: 35.270

