         34          0          0          1          0          0
          0        249          0         50          0          0
          0        140          2        419          0         26
         54       3442         17      31369        116       1332
          9         21          0        411         78         71
          5         12          0        463         28        692

              precision    recall  f1-score   support

           0       0.33      0.97      0.50        35
           1       0.06      0.83      0.12       299
           2       0.11      0.00      0.01       587
           3       0.96      0.86      0.91     36330
           4       0.35      0.13      0.19       590
           5       0.33      0.58      0.42      1200

    accuracy                           0.83     39041
   macro avg       0.36      0.56      0.36     39041
weighted avg       0.91      0.83      0.86     39041



running time in seconds: 44.361

