         34          0          0          1          0          0
          0         99         38        162          0          0
          1         37         92        387          1         69
         65        423        501      34281        285        775
          8          4         10        291        207         70
          1          1          5        404         68        721

              precision    recall  f1-score   support

           0       0.31      0.97      0.47        35
           1       0.18      0.33      0.23       299
           2       0.14      0.16      0.15       587
           3       0.96      0.94      0.95     36330
           4       0.37      0.35      0.36       590
           5       0.44      0.60      0.51      1200

    accuracy                           0.91     39041
   macro avg       0.40      0.56      0.45     39041
weighted avg       0.92      0.91      0.91     39041



running time in seconds: 25.272

