      21418          1       2744        151        295       2577         60          2          0        680
         63         27          8          0          0          2          0          0          0          0
        988          1       1770         23         96        561         29          1          3        208
        328          0        840        138         91        259         14          0          1        125
        521          0        641         42        157        274         20          0          0        127
        347          0        128         13         11       1249          4          0          1         42
        410          4        211          2         10        205        141          0          1         71
        351          0        220          1          4        133         25          0          0         82
        228          0        185          1          1         98         15          0          1         66
        477          0        504          6         16        329         25          0          1        437

              precision    recall  f1-score   support

           0       0.85      0.77      0.81     27928
           1       0.82      0.27      0.41       100
           2       0.24      0.48      0.32      3680
           3       0.37      0.08      0.13      1796
           4       0.23      0.09      0.13      1782
           5       0.22      0.70      0.33      1795
           6       0.42      0.13      0.20      1055
           7       0.00      0.00      0.00       816
           8       0.12      0.00      0.00       595
           9       0.24      0.24      0.24      1795

    accuracy                           0.61     41342
   macro avg       0.35      0.28      0.26     41342
weighted avg       0.66      0.61      0.62     41342

