         35          0          0          0          0          0
          0        299          0          0          0          0
          0         27        313        211          6         30
          4        483       1027      33450        523        843
          7          5          5         90        438         45
          0          2          1         64         19       1114

              precision    recall  f1-score   support

           0       0.76      1.00      0.86        35
           1       0.37      1.00      0.54       299
           2       0.23      0.53      0.32       587
           3       0.99      0.92      0.95     36330
           4       0.44      0.74      0.56       590
           5       0.55      0.93      0.69      1200

    accuracy                           0.91     39041
   macro avg       0.56      0.85      0.65     39041
weighted avg       0.95      0.91      0.93     39041



running time in seconds: 76.149

