         35          0          0          0          0          0
          0        222         27         44          6          0
          0         72        344        129         15         27
         41       1511       2219      29303       1552       1704
          6          6         17         38        459         64
          0          1         23         25         20       1131

              precision    recall  f1-score   support

           0       0.43      1.00      0.60        35
           1       0.12      0.74      0.21       299
           2       0.13      0.59      0.21       587
           3       0.99      0.81      0.89     36330
           4       0.22      0.78      0.35       590
           5       0.39      0.94      0.55      1200

    accuracy                           0.81     39041
   macro avg       0.38      0.81      0.47     39041
weighted avg       0.94      0.81      0.86     39041



running time in seconds: 22.744

