         35          0          0          0          0          0
         37        158         21         81          2          0
         68         38        261        180          8         32
       5060        370        860      28346        572       1122
         53          0          5         72        409         51
         14          0          9         37         11       1129

              precision    recall  f1-score   support

           0       0.01      1.00      0.01        35
           1       0.28      0.53      0.37       299
           2       0.23      0.44      0.30       587
           3       0.99      0.78      0.87     36330
           4       0.41      0.69      0.51       590
           5       0.48      0.94      0.64      1200

    accuracy                           0.78     39041
   macro avg       0.40      0.73      0.45     39041
weighted avg       0.95      0.78      0.85     39041



running time in seconds: 37.556

