         35          0          0          0          0          0
          0        299          0          0          0          0
          0          8        457         81         14         27
          7        348       4899      27346       1705       2025
          9          0         20         26        501         34
          0          0         12          8         39       1141

              precision    recall  f1-score   support

           0       0.69      1.00      0.81        35
           1       0.46      1.00      0.63       299
           2       0.08      0.78      0.15       587
           3       1.00      0.75      0.86     36330
           4       0.22      0.85      0.35       590
           5       0.35      0.95      0.52      1200

    accuracy                           0.76     39041
   macro avg       0.47      0.89      0.55     39041
weighted avg       0.95      0.76      0.83     39041



running time in seconds: 76.018

