         35          0          0          0          0          0
          0        209         24         62          4          0
          0         64        319        162         12         30
         14       1025       1701      30789       1194       1607
          5          0         11         59        464         51
          1          1         10         24         17       1147

              precision    recall  f1-score   support

           0       0.64      1.00      0.78        35
           1       0.16      0.70      0.26       299
           2       0.15      0.54      0.24       587
           3       0.99      0.85      0.91     36330
           4       0.27      0.79      0.41       590
           5       0.40      0.96      0.57      1200

    accuracy                           0.84     39041
   macro avg       0.44      0.81      0.53     39041
weighted avg       0.94      0.84      0.88     39041



running time in seconds: 37.546

