         35          0          0          0          0          0
          0        299          0          0          0          0
          0          0        587          0          0          0
          0          0          0      36330          0          0
          0          0          0          0        590          0
          0          0          0          0          0       1200

              precision    recall  f1-score   support

           0       1.00      1.00      1.00        35
           1       1.00      1.00      1.00       299
           2       1.00      1.00      1.00       587
           3       1.00      1.00      1.00     36330
           4       1.00      1.00      1.00       590
           5       1.00      1.00      1.00      1200

    accuracy                           1.00     39041
   macro avg       1.00      1.00      1.00     39041
weighted avg       1.00      1.00      1.00     39041



running time in seconds: 54.011

