         35          0          0          0          0          0
          0        187         34         71          3          4
          0         57        327        162         12         29
         70        664       1562      31042       1189       1803
          8          2          4         72        463         41
          0          0          2         41         15       1142

              precision    recall  f1-score   support

           0       0.31      1.00      0.47        35
           1       0.21      0.63      0.31       299
           2       0.17      0.56      0.26       587
           3       0.99      0.85      0.92     36330
           4       0.28      0.78      0.41       590
           5       0.38      0.95      0.54      1200

    accuracy                           0.85     39041
   macro avg       0.39      0.80      0.48     39041
weighted avg       0.94      0.85      0.88     39041



running time in seconds: 24.637

