         35          0          0          0          0          0
          0        259         15         19          6          0
          0        126        345         77         19         20
         28       3322       3524      23960       2629       2867
          7          3         12         17        515         36
          1          1         20          3         36       1139

              precision    recall  f1-score   support

           0       0.49      1.00      0.66        35
           1       0.07      0.87      0.13       299
           2       0.09      0.59      0.15       587
           3       1.00      0.66      0.79     36330
           4       0.16      0.87      0.27       590
           5       0.28      0.95      0.43      1200

    accuracy                           0.67     39041
   macro avg       0.35      0.82      0.41     39041
weighted avg       0.94      0.67      0.76     39041



running time in seconds: 37.595

