         35          0          0          0          0          0
          0        299          0          0          0          0
          0          4        583          0          0          0
          7       2244       1617      29691        882       1889
          3          0          0          0        587          0
          0          0          3          0          0       1197

              precision    recall  f1-score   support

           0       0.78      1.00      0.88        35
           1       0.12      1.00      0.21       299
           2       0.26      0.99      0.42       587
           3       1.00      0.82      0.90     36330
           4       0.40      0.99      0.57       590
           5       0.39      1.00      0.56      1200

    accuracy                           0.83     39041
   macro avg       0.49      0.97      0.59     39041
weighted avg       0.95      0.83      0.87     39041



running time in seconds: 30.062

