         35          0          0          0          0          0
        289          7          1          2          0          0
        521          2         54         10          0          0
      32741          1         12       3521          1         54
        567          0          0          0         23          0
        934          0          0          1          0        265

              precision    recall  f1-score   support

           0       0.00      1.00      0.00        35
           1       0.70      0.02      0.05       299
           2       0.81      0.09      0.17       587
           3       1.00      0.10      0.18     36330
           4       0.96      0.04      0.07       590
           5       0.83      0.22      0.35      1200

    accuracy                           0.10     39041
   macro avg       0.72      0.25      0.14     39041
weighted avg       0.98      0.10      0.18     39041



running time in seconds: 37.588

