      45064         12          8          0
       2275        115          2          0
       1173          1         14          0
        212          0         13        234

              precision    recall  f1-score   support

           0       0.92      1.00      0.96     45084
           1       0.90      0.05      0.09      2392
           2       0.38      0.01      0.02      1188
           3       1.00      0.51      0.68       459

    accuracy                           0.92     49123
   macro avg       0.80      0.39      0.44     49123
weighted avg       0.91      0.92      0.89     49123

