      45051         21         12          0
       1885        507          0          0
       1015          1        172          0
         83          0          5        371

              precision    recall  f1-score   support

           0       0.94      1.00      0.97     45084
           1       0.96      0.21      0.35      2392
           2       0.91      0.14      0.25      1188
           3       1.00      0.81      0.89       459

    accuracy                           0.94     49123
   macro avg       0.95      0.54      0.61     49123
weighted avg       0.94      0.94      0.92     49123

