      45065         13          6          0
       1157       1235          0          0
        578          0        610          0
         11          0          1        447

              precision    recall  f1-score   support

           0       0.96      1.00      0.98     45084
           1       0.99      0.52      0.68      2392
           2       0.99      0.51      0.68      1188
           3       1.00      0.97      0.99       459

    accuracy                           0.96     49123
   macro avg       0.99      0.75      0.83     49123
weighted avg       0.96      0.96      0.96     49123

