      45045         20         19          0
       2090        291         11          0
       1085          9         94          0
        122          0          8        329

              precision    recall  f1-score   support

           0       0.93      1.00      0.96     45084
           1       0.91      0.12      0.21      2392
           2       0.71      0.08      0.14      1188
           3       1.00      0.72      0.84       459

    accuracy                           0.93     49123
   macro avg       0.89      0.48      0.54     49123
weighted avg       0.93      0.93      0.91     49123

