      22686          0        159        156        101        150         20          1          3         15
          1         27          1          0          0          0          0          0          0          0
        775          0       2207        131        108         50          1          3          0          2
        813          0        305       2231        193         38          7          1          1          3
        414          0        168        188       2786         31          0          0          1          3
        697          0        114         48         75       2518          1          0          0         13
         90          0          9         11          7          1        177          0          0          0
         56          0         12         17          6          3          8        184          4         10
         28          0          7          5          2          2          0          7        243          6
         31          0          8          6          1         28          1         14         13        798

              precision    recall  f1-score   support

           0       0.89      0.97      0.93     23291
           1       1.00      0.93      0.96        29
           2       0.74      0.67      0.70      3277
           3       0.80      0.62      0.70      3592
           4       0.85      0.78      0.81      3591
           5       0.89      0.73      0.80      3466
           6       0.82      0.60      0.69       295
           7       0.88      0.61      0.72       300
           8       0.92      0.81      0.86       300
           9       0.94      0.89      0.91       900

    accuracy                           0.87     39041
   macro avg       0.87      0.76      0.81     39041
weighted avg       0.86      0.87      0.86     39041



running time in seconds: 66.100

