      15781          0       1299       1269        709       3323        142          0         30        738
          0         28          0          1          0          0          0          0          0          0
        668          0       1480        529        227        311          3          1          3         55
        588          0        709       1647        383        224         32          0          0          9
        309          0        553        621       1933        149          0          2          2         22
        354          0        211        111        154       2517          5          1          0        113
         36          0         13         26         17         10        192          0          0          1
         28          0         31         39          5          1         15        165          2         14
         18          0         11         11          7          1          0          5        224         23
         16          0         19         26          4          6          0          6         12        811

              precision    recall  f1-score   support

           0       0.89      0.68      0.77     23291
           1       1.00      0.97      0.98        29
           2       0.34      0.45      0.39      3277
           3       0.38      0.46      0.42      3592
           4       0.56      0.54      0.55      3591
           5       0.38      0.73      0.50      3466
           6       0.49      0.65      0.56       295
           7       0.92      0.55      0.69       300
           8       0.82      0.75      0.78       300
           9       0.45      0.90      0.60       900

    accuracy                           0.63     39041
   macro avg       0.62      0.67      0.62     39041
weighted avg       0.71      0.63      0.65     39041



running time in seconds: 19.718

