      15471          2       2415       1358        775       2211        392         67        161        439
          0         29          0          0          0          0          0          0          0          0
        612          1       1402        487        265        331         24         23         33         99
        572          0        938       1339        399        198         86         29         11         20
        414          0        685        681       1497        173         35         12         80         14
        380          4        312        143        140       2409         27          3         15         33
         18          0         12         20          6         10        226          1          1          1
          7          0         26         21          5          6         20        199          7          9
          6          0          9          5          7          3          0         15        252          3
         45          0         42         11          7         36          3         49        135        572

              precision    recall  f1-score   support

           0       0.88      0.66      0.76     23291
           1       0.81      1.00      0.89        29
           2       0.24      0.43      0.31      3277
           3       0.33      0.37      0.35      3592
           4       0.48      0.42      0.45      3591
           5       0.45      0.70      0.54      3466
           6       0.28      0.77      0.41       295
           7       0.50      0.66      0.57       300
           8       0.36      0.84      0.51       300
           9       0.48      0.64      0.55       900

    accuracy                           0.60     39041
   macro avg       0.48      0.65      0.53     39041
weighted avg       0.68      0.60      0.62     39041



running time in seconds: 18.957

