      15793          1       2178       1355        956       2203        278         36         96        395
          0         28          0          1          0          0          0          0          0          0
        646          0       1535        464        347        213         12         10         13         37
        616          0        893       1411        412        159         63         21          4         13
        407          0        587        578       1767        154         11          6         66         15
        584          1        351        117        151       2142         16          3         18         83
         32          0         17         13          9          5        211          3          4          1
         24          0         34         16          7          4         16        184          3         12
         14          0         13          6          8          1          1         13        239          5
         35          0         57         24         12          9          3         31         77        652

              precision    recall  f1-score   support

           0       0.87      0.68      0.76     23291
           1       0.93      0.97      0.95        29
           2       0.27      0.47      0.34      3277
           3       0.35      0.39      0.37      3592
           4       0.48      0.49      0.49      3591
           5       0.44      0.62      0.51      3466
           6       0.35      0.72      0.47       295
           7       0.60      0.61      0.61       300
           8       0.46      0.80      0.58       300
           9       0.54      0.72      0.62       900

    accuracy                           0.61     39041
   macro avg       0.53      0.65      0.57     39041
weighted avg       0.68      0.61      0.64     39041



running time in seconds: 12.116

