      22724          0        167        153         83        132         16          2          1         13
          2         27          0          0          0          0          0          0          0          0
        653          0       2399        109         76         34          0          5          0          1
        690          0        303       2395        162         34          6          0          1          1
        352          0        173        209       2824         28          0          1          1          3
        596          0        113         64         72       2605          1          0          1         14
         81          0          9         13          6          2        183          1          0          0
         59          0          9         14          2          2          8        191          4         11
         23          0          3          7          1          2          0          4        254          6
         18          0          8          9          1         28          0         15         13        808

              precision    recall  f1-score   support

           0       0.90      0.98      0.94     23291
           1       1.00      0.93      0.96        29
           2       0.75      0.73      0.74      3277
           3       0.81      0.67      0.73      3592
           4       0.88      0.79      0.83      3591
           5       0.91      0.75      0.82      3466
           6       0.86      0.62      0.72       295
           7       0.87      0.64      0.74       300
           8       0.92      0.85      0.88       300
           9       0.94      0.90      0.92       900

    accuracy                           0.88     39041
   macro avg       0.88      0.78      0.83     39041
weighted avg       0.88      0.88      0.88     39041



running time in seconds: 67.193

