      14679          0       1512       1197        758       3517        329         66        138       1095
          0         25          0          1          0          0          3          0          0          0
        518          0       1408        476        330        376         16         25         20        108
        474          0        678       1599        448        257         82         22          6         26
        282          0        414        588       2007        197         14         15         50         24
        251          1        258        114        143       2522         13          8         10        146
         14          0         10         15         10          8        236          2          0          0
          6          0         16         24          4          5         19        213          4          9
         10          0         10          7          4          1          0         11        253          4
          3          0         12         11          4          4          3         23         52        788

              precision    recall  f1-score   support

           0       0.90      0.63      0.74     23291
           1       0.96      0.86      0.91        29
           2       0.33      0.43      0.37      3277
           3       0.40      0.45      0.42      3592
           4       0.54      0.56      0.55      3591
           5       0.37      0.73      0.49      3466
           6       0.33      0.80      0.47       295
           7       0.55      0.71      0.62       300
           8       0.47      0.84      0.61       300
           9       0.36      0.88      0.51       900

    accuracy                           0.61     39041
   macro avg       0.52      0.69      0.57     39041
weighted avg       0.70      0.61      0.63     39041



running time in seconds: 25.537

