      15883          1       1494       1007        654       3012        279         51        100        810
          0         28          0          1          0          0          0          0          0          0
        612          0       1544        430        286        307         10         15         13         60
        582          0        712       1611        397        185         58         15          5         27
        331          0        481        550       2010        151          6         11         32         19
        317          0        266        122        139       2468         12          2          5        135
         17          0         14         17          5          9        233          0          0          0
         11          0         26         16          7          1         17        212          3          7
          7          0          6          7          3          1          0          7        264          5
          7          0         15         11          2          9          2         23         34        797

              precision    recall  f1-score   support

           0       0.89      0.68      0.77     23291
           1       0.97      0.97      0.97        29
           2       0.34      0.47      0.39      3277
           3       0.43      0.45      0.44      3592
           4       0.57      0.56      0.57      3591
           5       0.40      0.71      0.51      3466
           6       0.38      0.79      0.51       295
           7       0.63      0.71      0.67       300
           8       0.58      0.88      0.70       300
           9       0.43      0.89      0.58       900

    accuracy                           0.64     39041
   macro avg       0.56      0.71      0.61     39041
weighted avg       0.71      0.64      0.66     39041



running time in seconds: 25.194

