      16061          0       1482       1144        752       2976        154          2         67        653
          1         27          1          0          0          0          0          0          0          0
        816          0       1463        410        250        275          0          3          4         56
        696          0        751       1576        397        132         37          0          0          3
        438          0        503        540       2001         76          3          0         14         16
        434          0        277        145        174       2351          7          0          0         78
         37          0         14         32         12          4        196          0          0          0
         25          0         35         30          8          3         17        164          1         17
         13          0          8         11          7          1          0         10        241          9
         22          0         35         26          3         13          1         19         34        747

              precision    recall  f1-score   support

           0       0.87      0.69      0.77     23291
           1       1.00      0.93      0.96        29
           2       0.32      0.45      0.37      3277
           3       0.40      0.44      0.42      3592
           4       0.56      0.56      0.56      3591
           5       0.40      0.68      0.51      3466
           6       0.47      0.66      0.55       295
           7       0.83      0.55      0.66       300
           8       0.67      0.80      0.73       300
           9       0.47      0.83      0.60       900

    accuracy                           0.64     39041
   macro avg       0.60      0.66      0.61     39041
weighted avg       0.69      0.64      0.65     39041



running time in seconds: 16.236

