      15087          0       1471       1219        809       2826        365         62        147       1305
          0         25          0          1          0          0          3          0          0          0
        514          0       1308        526        340        405         19         25         19        121
        460          0        650       1554        477        294         87         26         10         34
        279          0        443        586       1939        210         15         21         75         23
        284          1        256        126        121       2453         15          8         22        180
         13          0          6         15          8          9        241          3          0          0
         11          0         22         16          7          5         21        207          2          9
          8          0         10          4          6          0          1         14        249          8
          7          0         13         16          1          6          3         20         53        781

              precision    recall  f1-score   support

           0       0.91      0.65      0.76     23291
           1       0.96      0.86      0.91        29
           2       0.31      0.40      0.35      3277
           3       0.38      0.43      0.41      3592
           4       0.52      0.54      0.53      3591
           5       0.40      0.71      0.51      3466
           6       0.31      0.82      0.45       295
           7       0.54      0.69      0.60       300
           8       0.43      0.83      0.57       300
           9       0.32      0.87      0.46       900

    accuracy                           0.61     39041
   macro avg       0.51      0.68      0.55     39041
weighted avg       0.70      0.61      0.64     39041



running time in seconds: 26.564

