         52          1          1          1         10          0
          2        166         53        336         13         28
          0         38        177        349         23         13
         10       1471       2110      49829       2490       2327
          0          4          6         46        976         80
          0          0          3        110        123       2163

              precision    recall  f1-score   support

           0       0.81      0.80      0.81        65
           1       0.10      0.28      0.15       598
           2       0.08      0.29      0.12       600
           3       0.98      0.86      0.92     58237
           4       0.27      0.88      0.41      1112
           5       0.47      0.90      0.62      2399

    accuracy                           0.85     63011
   macro avg       0.45      0.67      0.50     63011
weighted avg       0.93      0.85      0.88     63011

