         54          1          1          2          7          0
          1        137         41        388          6         25
          0         28        133        407         23          9
          5        958       1264      53454       1059       1497
          0          2          2         34       1040         34
          0          0          1         85         58       2255

              precision    recall  f1-score   support

           0       0.90      0.83      0.86        65
           1       0.12      0.23      0.16       598
           2       0.09      0.22      0.13       600
           3       0.98      0.92      0.95     58237
           4       0.47      0.94      0.63      1112
           5       0.59      0.94      0.73      2399

    accuracy                           0.91     63011
   macro avg       0.53      0.68      0.58     63011
weighted avg       0.94      0.91      0.92     63011

