         74          1          1         16         14          5
         10       1298        283        512        114        163
          1        194       1552        439         56        158
        143       5561       5866      38033       5712       9560
         14        183        122        699       2964        759
          8        441        532       2040       1471       5073

              precision    recall  f1-score   support

           0       0.30      0.67      0.41       111
           1       0.17      0.55      0.26      2380
           2       0.19      0.65      0.29      2400
           3       0.91      0.59      0.71     64875
           4       0.29      0.63      0.39      4741
           5       0.32      0.53      0.40      9565

    accuracy                           0.58     84072
   macro avg       0.36      0.60      0.41     84072
weighted avg       0.77      0.58      0.63     84072

