         82          1          4         10         13          1
         12       1227        451        363        136        191
          4        456       1266        338        102        234
        350       7698      10228      30195       7018       9386
         40        250        206        626       2987        632
         23        588        994       2087       1867       4006

              precision    recall  f1-score   support

           0       0.16      0.74      0.26       111
           1       0.12      0.52      0.19      2380
           2       0.10      0.53      0.16      2400
           3       0.90      0.47      0.61     64875
           4       0.25      0.63      0.35      4741
           5       0.28      0.42      0.33      9565

    accuracy                           0.47     84072
   macro avg       0.30      0.55      0.32     84072
weighted avg       0.74      0.47      0.54     84072

