       5354        468         95          6          0          0          0          0          0          0
         39       6320        301         75          6          1          0          0          0          0
          1        254       4705        871        122          5          0          0          0          0
          0          1        205       4932        900         88          5          0          0          0
          0          0          7        225       4604        835        160         11          0          0
          0          0          0         24        646       4135        581         35          0          0
          0          0          0          2         40        528       5159        187          2          0
          0          0          0          1          5         66        418       5347        421          7
          0          0          0          0          5         15        209       1327       4033        262
          0          0          0          0          0          3         25        170       1254       4497

              precision    recall  f1-score   support

           0       0.99      0.90      0.95      5923
           1       0.90      0.94      0.92      6742
           2       0.89      0.79      0.83      5958
           3       0.80      0.80      0.80      6131
           4       0.73      0.79      0.76      5842
           5       0.73      0.76      0.75      5421
           6       0.79      0.87      0.83      5918
           7       0.76      0.85      0.80      6265
           8       0.71      0.69      0.70      5851
           9       0.94      0.76      0.84      5949

    accuracy                           0.82     60000
   macro avg       0.82      0.82      0.82     60000
weighted avg       0.82      0.82      0.82     60000

