       4972        410        315        179         37         10          0          0          0          0
        147       5932        325        237         77         22          2          0          0          0
         48        463       3781        997        465        162         37          5          0          0
          5         32        317       4192        959        473        115         36          1          1
          0          2         31        367       3860        834        529        177         35          7
          0          7         16        166        943       3063        991        212         23          0
          0          3         15         42        197        874       4436        349          2          0
          0          0          4         18         52        194        563       4886        518         30
          0          0          6         10         72        263        617       1527       2825        531
          0          0          3          5         21         89        209        542       1665       3415

              precision    recall  f1-score   support

           0       0.96      0.84      0.90      5923
           1       0.87      0.88      0.87      6742
           2       0.79      0.63      0.70      5958
           3       0.67      0.68      0.68      6131
           4       0.58      0.66      0.62      5842
           5       0.51      0.57      0.54      5421
           6       0.59      0.75      0.66      5918
           7       0.63      0.78      0.70      6265
           8       0.56      0.48      0.52      5851
           9       0.86      0.57      0.69      5949

    accuracy                           0.69     60000
   macro avg       0.70      0.68      0.69     60000
weighted avg       0.71      0.69      0.69     60000

