       4913        352        344        221         71         19          3          0          0          0
        130       5878        335        280         82         28          6          3          0          0
         43        383       3812        941        546        186         42          5          0          0
          8         28        282       4148        955        484        190         31          5          0
          0          7         30        273       3866        837        518        244         63          4
          0          9         22        214        905       2963       1009        263         35          1
          0          5         11         56        221       1005       4327        289          4          0
          0          5          5         23         57        190        576       4863        480         66
          0          0          4          6         68        268        704       1755       2682        364
          0          0          2          3         24        105        253        623       1690       3249

              precision    recall  f1-score   support

           0       0.96      0.83      0.89      5923
           1       0.88      0.87      0.88      6742
           2       0.79      0.64      0.71      5958
           3       0.67      0.68      0.67      6131
           4       0.57      0.66      0.61      5842
           5       0.49      0.55      0.52      5421
           6       0.57      0.73      0.64      5918
           7       0.60      0.78      0.68      6265
           8       0.54      0.46      0.50      5851
           9       0.88      0.55      0.67      5949

    accuracy                           0.68     60000
   macro avg       0.70      0.67      0.68     60000
weighted avg       0.70      0.68      0.68     60000

