       3997        322        413        585        340        161         75         29          1          0
        369       4623        875        449        306         75         31         12          2          0
         40        794       1855       1366       1060        532        203         98         10          0
         15         35        213       2787       2095        604        200        148         33          1
          4         11         19        139       2674       1412        807        535        239          2
         17         30         20        243       1898       1787        678        693         55          0
         18         13         15         84        674       2334       2250        511         19          0
          0         23         68         52        119        324        826       3593       1245         15
          2          5         34        131        312        787       1445       1462       1616         57
          5          0         22         20        147        364        609        879       2880       1023

              precision    recall  f1-score   support

           0       0.89      0.67      0.77      5923
           1       0.79      0.69      0.73      6742
           2       0.52      0.31      0.39      5958
           3       0.48      0.45      0.47      6131
           4       0.28      0.46      0.35      5842
           5       0.21      0.33      0.26      5421
           6       0.32      0.38      0.35      5918
           7       0.45      0.57      0.51      6265
           8       0.26      0.28      0.27      5851
           9       0.93      0.17      0.29      5949

    accuracy                           0.44     60000
   macro avg       0.51      0.43      0.44     60000
weighted avg       0.52      0.44      0.44     60000

