       3311        649        771        589        317        173         84         27          2          0
        222       3885       1707        522        223        138         30         11          4          0
         32        137       1635       2381        963        515        238         52          5          0
         14         15        233       3010       2116        298        227        189         29          0
          0          0         15        347       1413       1915       1164        863        125          0
          5         57         68        902       1480        910       1207        734         58          0
         11         19         24        215       1004       2601       1552        482         10          0
          1          3         36         93        189        358        821       3717       1043          4
          4          9         14        115        502        994       1178       1888       1137         10
          6          5          6         45        137        348        489       1993       2736        184

              precision    recall  f1-score   support

           0       0.92      0.56      0.69      5923
           1       0.81      0.58      0.67      6742
           2       0.36      0.27      0.31      5958
           3       0.37      0.49      0.42      6131
           4       0.17      0.24      0.20      5842
           5       0.11      0.17      0.13      5421
           6       0.22      0.26      0.24      5918
           7       0.37      0.59      0.46      6265
           8       0.22      0.19      0.21      5851
           9       0.93      0.03      0.06      5949

    accuracy                           0.35     60000
   macro avg       0.45      0.34      0.34     60000
weighted avg       0.46      0.35      0.35     60000

