       5417        490         16          0          0          0          0          0          0          0
         96       6291        331         24          0          0          0          0          0          0
          0        181       5085        678         14          0          0          0          0          0
          0          1        180       5152        779         19          0          0          0          0
          0          0          1        215       4797        794         35          0          0          0
          0          0          0          2        489       4457        468          5          0          0
          0          0          0          0         12        417       5377        112          0          0
          0          0          0          0          2         15        367       5651        229          1
          0          0          0          0          0          9         68        997       4549        228
          0          0          0          0          0          0          7         56       1114       4772

              precision    recall  f1-score   support

           0       0.98      0.91      0.95      5923
           1       0.90      0.93      0.92      6742
           2       0.91      0.85      0.88      5958
           3       0.85      0.84      0.84      6131
           4       0.79      0.82      0.80      5842
           5       0.78      0.82      0.80      5421
           6       0.85      0.91      0.88      5918
           7       0.83      0.90      0.86      6265
           8       0.77      0.78      0.77      5851
           9       0.95      0.80      0.87      5949

    accuracy                           0.86     60000
   macro avg       0.86      0.86      0.86     60000
weighted avg       0.86      0.86      0.86     60000

