       3267        530        511        729        402        278        137         68          1          0
         49       3984       1348        854        267        160         61         19          0          0
         35          9        703       3129       1030        725        241         85          1          0
         24          9        201       2821       2347        259        233        213         24          0
          0          1         16         81        995       2332       1067       1222        128          0
         31         64        124       1361       1115        718       1112        815         81          0
         17         21         47        277       1491       2491       1318        256          0          0
          1         14         37        106        172        368        647       4272        646          2
          5         10         21        175        629       1082       1320       2424        185          0
          5          7          7         76        185        424        556       2608       2066         15

              precision    recall  f1-score   support

           0       0.95      0.55      0.70      5923
           1       0.86      0.59      0.70      6742
           2       0.23      0.12      0.16      5958
           3       0.29      0.46      0.36      6131
           4       0.12      0.17      0.14      5842
           5       0.08      0.13      0.10      5421
           6       0.20      0.22      0.21      5918
           7       0.36      0.68      0.47      6265
           8       0.06      0.03      0.04      5851
           9       0.88      0.00      0.01      5949

    accuracy                           0.30     60000
   macro avg       0.40      0.30      0.29     60000
weighted avg       0.41      0.30      0.30     60000

