       5153        432        233         94          6          5          0          0          0          0
         36       6159        339        133         63          9          1          2          0          0
          7        234       4345        916        370         81          4          1          0          0
          1         19        218       4589        927        315         55          6          1          0
          0          2         22        146       4497        674        379         98         23          1
          0          0         15        136        803       3532        762        154         19          0
          0          2          5         20        135        780       4726        241          9          0
          0          1          2          4         31        166        419       5142        465         35
          0          0          0          0          8         88        497       1534       3545        179
          0          0          0          0          1         18        106        507       1201       4116

              precision    recall  f1-score   support

           0       0.99      0.87      0.93      5923
           1       0.90      0.91      0.91      6742
           2       0.84      0.73      0.78      5958
           3       0.76      0.75      0.75      6131
           4       0.66      0.77      0.71      5842
           5       0.62      0.65      0.64      5421
           6       0.68      0.80      0.73      5918
           7       0.67      0.82      0.74      6265
           8       0.67      0.61      0.64      5851
           9       0.95      0.69      0.80      5949

    accuracy                           0.76     60000
   macro avg       0.77      0.76      0.76     60000
weighted avg       0.78      0.76      0.77     60000

