       3329        499        646        643        405        220        135         43          3          0
         78       4180       1301        768        197        162         41         13          2          0
         34         34       1243       2735        987        596        258         70          1          0
         22         12        234       2913       2200        286        219        210         35          0
          0          1         12        210       1243       2101       1136        964        174          1
         13         71        106       1217       1195        758       1210        760         91          0
         18         15         41        238       1186       2672       1372        375          1          0
          1         16         29        105        182        349        642       3894       1039          8
          4         10         20        151        558       1072       1195       2125        716          0
          4          8          8         67        159        401        493       2375       2393         41

              precision    recall  f1-score   support

           0       0.95      0.56      0.71      5923
           1       0.86      0.62      0.72      6742
           2       0.34      0.21      0.26      5958
           3       0.32      0.48      0.38      6131
           4       0.15      0.21      0.18      5842
           5       0.09      0.14      0.11      5421
           6       0.20      0.23      0.22      5918
           7       0.36      0.62      0.46      6265
           8       0.16      0.12      0.14      5851
           9       0.82      0.01      0.01      5949

    accuracy                           0.33     60000
   macro avg       0.43      0.32      0.32     60000
weighted avg       0.43      0.33      0.33     60000

