       4863        199        314        274        194         58         17          3          1          0
         58       5868        345        295        113         44         12          7          0          0
         60        208       3833        815        570        338        113         18          3          0
         21         19        194       4183        814        553        256         78         11          2
          0         11         36        135       3826        798        505        385        117         29
          6         15         31        316        800       2884       1001        295         62         11
          1         12         28         75        241       1144       4226        186          5          0
          0         11         12         33         85        182        553       4896        398         95
          0          2         12         33        204        399        855       1761       2387        198
          1          1          3         16         78        187        297        870       1393       3103

              precision    recall  f1-score   support

           0       0.97      0.82      0.89      5923
           1       0.92      0.87      0.90      6742
           2       0.80      0.64      0.71      5958
           3       0.68      0.68      0.68      6131
           4       0.55      0.65      0.60      5842
           5       0.44      0.53      0.48      5421
           6       0.54      0.71      0.61      5918
           7       0.58      0.78      0.66      6265
           8       0.55      0.41      0.47      5851
           9       0.90      0.52      0.66      5949

    accuracy                           0.67     60000
   macro avg       0.69      0.66      0.67     60000
weighted avg       0.70      0.67      0.67     60000

