       4485        628        270        260        199         55         24          2          0          0
        141       5606        461        272        191         40         19         11          1          0
         39        604       3033       1216        619        332         95         19          1          0
         11         72        376       3275       1589        486        242         63         15          2
          0          7         17        357       3147       1122        758        272        138         24
          5         22         56        179       1260       2339       1267        209         82          2
          2          9         47        121        445       1107       3410        696         80          1
          0          4         13         51        100        275        650       4641        441         90
          0          8         21         55        193        411       1012       1662       1834        655
          2          3          9         13         72        210        401       1009       1205       3025

              precision    recall  f1-score   support

           0       0.96      0.76      0.85      5923
           1       0.81      0.83      0.82      6742
           2       0.70      0.51      0.59      5958
           3       0.56      0.53      0.55      6131
           4       0.40      0.54      0.46      5842
           5       0.37      0.43      0.40      5421
           6       0.43      0.58      0.49      5918
           7       0.54      0.74      0.63      6265
           8       0.48      0.31      0.38      5851
           9       0.80      0.51      0.62      5949

    accuracy                           0.58     60000
   macro avg       0.61      0.57      0.58     60000
weighted avg       0.61      0.58      0.58     60000

