       5674        248          1          0          0          0          0          0          0          0
         15       6485        230         11          1          0          0          0          0          0
          0         34       5628        295          1          0          0          0          0          0
          0          0         52       5720        359          0          0          0          0          0
          0          0          0         40       5320        476          6          0          0          0
          0          0          0          0        213       5009        199          0          0          0
          0          0          0          0          0        194       5678         46          0          0
          0          0          0          0          0          2        214       5837        212          0
          0          0          0          0          0          0          0        413       5410         28
          0          0          0          0          0          0          0          2        662       5285

              precision    recall  f1-score   support

           0       1.00      0.96      0.98      5923
           1       0.96      0.96      0.96      6742
           2       0.95      0.94      0.95      5958
           3       0.94      0.93      0.94      6131
           4       0.90      0.91      0.91      5842
           5       0.88      0.92      0.90      5421
           6       0.93      0.96      0.95      5918
           7       0.93      0.93      0.93      6265
           8       0.86      0.92      0.89      5851
           9       0.99      0.89      0.94      5949

    accuracy                           0.93     60000
   macro avg       0.93      0.93      0.93     60000
weighted avg       0.94      0.93      0.93     60000

