       5240        448        193         38          4          0          0          0          0          0
         41       6248        308        117         24          4          0          0          0          0
          4        270       4490        870        279         45          0          0          0          0
          1          9        232       4706        923        234         25          1          0          0
          0          2         14        212       4505        768        286         52          3          0
          0          0          5         75        758       3807        661        111          4          0
          0          0          0         20        100        649       4910        233          6          0
          0          0          1          4         15        107        424       5246        447         21
          0          0          0          1         12         70        382       1389       3730        267
          0          0          0          1          1         12         75        343       1271       4246

              precision    recall  f1-score   support

           0       0.99      0.88      0.93      5923
           1       0.90      0.93      0.91      6742
           2       0.86      0.75      0.80      5958
           3       0.78      0.77      0.77      6131
           4       0.68      0.77      0.72      5842
           5       0.67      0.70      0.68      5421
           6       0.73      0.83      0.77      5918
           7       0.71      0.84      0.77      6265
           8       0.68      0.64      0.66      5851
           9       0.94      0.71      0.81      5949

    accuracy                           0.79     60000
   macro avg       0.79      0.78      0.78     60000
weighted avg       0.80      0.79      0.79     60000

