       3974        388        453        513        348        139         65         39          4          0
        322       4735        828        484        264         63         31          9          6          0
         43        763       1875       1465        960        541        220         84          7          0
         15         33        186       2705       2229        584        171        172         36          0
          4          4         24        128       2668       1402        791        595        222          4
         19         27         18        208       1870       1823        732        671         53          0
         22         10         16         86        722       2310       2232        495         25          0
          0         42         53         61        108        323        817       3716       1135         10
          3          7         30        136        298        807       1434       1327       1761         48
          3          8         23         19        150        352        565        904       2859       1066

              precision    recall  f1-score   support

           0       0.90      0.67      0.77      5923
           1       0.79      0.70      0.74      6742
           2       0.53      0.31      0.40      5958
           3       0.47      0.44      0.45      6131
           4       0.28      0.46      0.35      5842
           5       0.22      0.34      0.26      5421
           6       0.32      0.38      0.34      5918
           7       0.46      0.59      0.52      6265
           8       0.29      0.30      0.29      5851
           9       0.95      0.18      0.30      5949

    accuracy                           0.44     60000
   macro avg       0.52      0.44      0.44     60000
weighted avg       0.53      0.44      0.45     60000

