       4002        231        447        573        380        146         80         57          7          0
        264       4630        937        455        310         92         37         13          4          0
         39        579       2000       1392       1014        583        223        113         15          0
         15         31        169       2594       2285        648        153        190         46          0
          4         15         17         85       2587       1463        807        556        304          4
         28         21         20        286       1966       1748        505        758         89          0
         23         10         22        108        987       2238       2008        487         35          0
          0         38         71         45        128        298        851       3559       1273          2
          4          4         50        146        305        981       1342       1536       1465         18
          5          7         16         20        171        366        671        891       3300        502

              precision    recall  f1-score   support

           0       0.91      0.68      0.78      5923
           1       0.83      0.69      0.75      6742
           2       0.53      0.34      0.41      5958
           3       0.45      0.42      0.44      6131
           4       0.26      0.44      0.32      5842
           5       0.20      0.32      0.25      5421
           6       0.30      0.34      0.32      5918
           7       0.44      0.57      0.49      6265
           8       0.22      0.25      0.24      5851
           9       0.95      0.08      0.16      5949

    accuracy                           0.42     60000
   macro avg       0.51      0.41      0.42     60000
weighted avg       0.52      0.42      0.42     60000

