       4565        592        281        282        144         45         12          2          0          0
        164       5611        471        276        162         35         21          2          0          0
         46        669       3001       1273        592        284         78         14          1          0
         10         68        488       3200       1585        487        219         56         17          1
          1          5         20        497       3049       1196        662        267        132         13
          3         22         55        179       1153       2506       1261        186         52          4
          1         10         31        103        407       1123       3506        724         13          0
          0          4         13         42         97        240        741       4510        513        105
          0          7         14         44        176        381        809       1794       2054        572
          2          2          6         17         48        170        385        930       1298       3091

              precision    recall  f1-score   support

           0       0.95      0.77      0.85      5923
           1       0.80      0.83      0.82      6742
           2       0.69      0.50      0.58      5958
           3       0.54      0.52      0.53      6131
           4       0.41      0.52      0.46      5842
           5       0.39      0.46      0.42      5421
           6       0.46      0.59      0.52      5918
           7       0.53      0.72      0.61      6265
           8       0.50      0.35      0.41      5851
           9       0.82      0.52      0.64      5949

    accuracy                           0.58     60000
   macro avg       0.61      0.58      0.58     60000
weighted avg       0.61      0.58      0.59     60000

