      19270       1975         67          0
       1266      24405          7          0
        330        126        289          0
          3          2          0        115

              precision    recall  f1-score   support

           0       0.92      0.90      0.91     21312
           1       0.92      0.95      0.94     25678
           2       0.80      0.39      0.52       745
           3       1.00      0.96      0.98       120

    accuracy                           0.92     47855
   macro avg       0.91      0.80      0.84     47855
weighted avg       0.92      0.92      0.92     47855

