      18941       2338         33          0
       1313      24356          8          1
        375        199        171          0
          1         18          0        101

              precision    recall  f1-score   support

           0       0.92      0.89      0.90     21312
           1       0.91      0.95      0.93     25678
           2       0.81      0.23      0.36       745
           3       0.99      0.84      0.91       120

    accuracy                           0.91     47855
   macro avg       0.90      0.73      0.77     47855
weighted avg       0.91      0.91      0.91     47855

