      18906          6       1086       4833       2401       1818        406        640        855       1423
          0        119          0          0          0          0          0          0          0          0
          8          0       2537        198        128         13          7          3         11         67
          0          0          0       1778         17          0          0          0          0          0
          0          0          5        268       1517          3          0          1          1          1
         29          0         22         51        191       1427         13          7         17         38
          4          0          6          0          0          4       1098         41         19         28
          4          0          0          3          4          5         23       1061         57         43
          4          0          8         12         34          9         26         53        992         57
         56          0        149         16         93         76         74        189        227       2529

              precision    recall  f1-score   support

           0       0.99      0.58      0.74     32374
           1       0.95      1.00      0.98       119
           2       0.67      0.85      0.75      2972
           3       0.25      0.99      0.40      1795
           4       0.35      0.84      0.49      1796
           5       0.43      0.79      0.55      1795
           6       0.67      0.92      0.77      1200
           7       0.53      0.88      0.66      1200
           8       0.46      0.83      0.59      1195
           9       0.60      0.74      0.67      3409

    accuracy                           0.67     47855
   macro avg       0.59      0.84      0.66     47855
weighted avg       0.84      0.67      0.70     47855



running time in seconds: 27.845

