      15795         21        797       7723       4219       1056        752        513        429       1069
          0        119          0          0          0          0          0          0          0          0
          2          0       1999        508        342          8         25          2         12         74
          0          0          1       1792          2          0          0          0          0          0
          0          0          2        724       1070          0          0          0          0          0
          5          0          9        329        433        934         55         10         14          6
          2          0          3          0          0          6       1147         29          7          6
          0          0          4        118         15          3         41        988         26          5
          0          0         18        196         68          1         55         50        767         40
         19          2        153        397        463         39        172        234        103       1827

              precision    recall  f1-score   support

           0       1.00      0.49      0.66     32374
           1       0.84      1.00      0.91       119
           2       0.67      0.67      0.67      2972
           3       0.15      1.00      0.26      1795
           4       0.16      0.60      0.25      1796
           5       0.46      0.52      0.49      1795
           6       0.51      0.96      0.67      1200
           7       0.54      0.82      0.65      1200
           8       0.56      0.64      0.60      1195
           9       0.60      0.54      0.57      3409

    accuracy                           0.55     47855
   macro avg       0.55      0.72      0.57     47855
weighted avg       0.83      0.55      0.61     47855



running time in seconds: 28.280

