      21199          0       1134       3516       1945       1775        262        469        695       1379
          0        119          0          0          0          0          0          0          0          0
         25          0       2712         87         31         17          4          6         14         76
         12          0          1       1768         13          0          0          1          0          0
         20          0          6         81       1675          9          0          2          1          2
         37          0         26         18         88       1565          9          6          9         37
          0          0          7          0          0          6       1119         26         18         24
          4          0          2          0          2          3         12       1108         39         30
          3          0          5          1          9          3         18         25       1088         43
         89          0        117          3         28         68         55        106        207       2736

              precision    recall  f1-score   support

           0       0.99      0.65      0.79     32374
           1       1.00      1.00      1.00       119
           2       0.68      0.91      0.78      2972
           3       0.32      0.98      0.49      1795
           4       0.44      0.93      0.60      1796
           5       0.45      0.87      0.60      1795
           6       0.76      0.93      0.84      1200
           7       0.63      0.92      0.75      1200
           8       0.53      0.91      0.67      1195
           9       0.63      0.80      0.71      3409

    accuracy                           0.73     47855
   macro avg       0.64      0.89      0.72     47855
weighted avg       0.85      0.73      0.75     47855



running time in seconds: 38.700

