      23592          0        949       2583       1487       1429        200        315        493       1326
          0        119          0          0          0          0          0          0          0          0
          4          0       2853         34         21          5          3          1          4         47
          4          0          1       1779         11          0          0          0          0          0
          2          0          4         51       1731          5          0          1          1          1
         40          0         13          8         71       1631          1          1          8         22
          1          0          3          0          0          1       1170         13          6          6
          2          0          0          0          1          0          6       1147         23         21
          3          0          1          0          5          1          7         22       1123         33
         68          0         89          2         29         46         30         56        137       2952

              precision    recall  f1-score   support

           0       0.99      0.73      0.84     32374
           1       1.00      1.00      1.00       119
           2       0.73      0.96      0.83      2972
           3       0.40      0.99      0.57      1795
           4       0.52      0.96      0.67      1796
           5       0.52      0.91      0.66      1795
           6       0.83      0.97      0.89      1200
           7       0.74      0.96      0.83      1200
           8       0.63      0.94      0.75      1195
           9       0.67      0.87      0.76      3409

    accuracy                           0.80     47855
   macro avg       0.70      0.93      0.78     47855
weighted avg       0.88      0.80      0.81     47855



running time in seconds: 42.797

