      14220         52        922       8376       2711       1792        835        908        755       1803
          0        119          0          0          0          0          0          0          0          0
          9          0       1757        572        421         28         22         14         23        126
          0          0          0       1795          0          0          0          0          0          0
          0          0          3        835        958          0          0          0          0          0
         15          0         17        283        324        997         54         29         31         45
          3          1          8          0          1         21       1017         64         47         38
          2          0          3        113          7         13         63        891         62         46
          7          0         19        228         17         14         64         72        702         72
         31          1        184        440        303        111        180        238        186       1735

              precision    recall  f1-score   support

           0       1.00      0.44      0.61     32374
           1       0.69      1.00      0.82       119
           2       0.60      0.59      0.60      2972
           3       0.14      1.00      0.25      1795
           4       0.20      0.53      0.29      1796
           5       0.34      0.56      0.42      1795
           6       0.46      0.85      0.59      1200
           7       0.40      0.74      0.52      1200
           8       0.39      0.59      0.47      1195
           9       0.45      0.51      0.48      3409

    accuracy                           0.51     47855
   macro avg       0.47      0.68      0.50     47855
weighted avg       0.80      0.51      0.56     47855



running time in seconds: 20.155

