      21295          3       1097       3281       1869       1709        321        570        807       1422
          0        119          0          0          0          0          0          0          0          0
         14          0       2714         74         58          7          5          8          9         83
          5          0          2       1758         29          0          0          0          1          0
          5          0         10         98       1667          8          0          3          1          4
         28          0         21         13        122       1549          5          9         12         36
          1          0          4          0          0          5       1140         18          9         23
          3          0          2          0          5          4          8       1117         35         26
          4          0          2          2         13          3          7         46       1078         40
         72          0         98          3         44         49         52        124        200       2767

              precision    recall  f1-score   support

           0       0.99      0.66      0.79     32374
           1       0.98      1.00      0.99       119
           2       0.69      0.91      0.78      2972
           3       0.34      0.98      0.50      1795
           4       0.44      0.93      0.60      1796
           5       0.46      0.86      0.60      1795
           6       0.74      0.95      0.83      1200
           7       0.59      0.93      0.72      1200
           8       0.50      0.90      0.64      1195
           9       0.63      0.81      0.71      3409

    accuracy                           0.74     47855
   macro avg       0.64      0.89      0.72     47855
weighted avg       0.85      0.74      0.76     47855



running time in seconds: 29.624

