      17050         20       1444       4446       2223       2342        532       1166       1210       1941
          0        119          0          0          0          0          0          0          0          0
         42          0       2356        150        172         46         12         28         28        138
         26          0          9       1707         51          1          0          0          1          0
         44          0         27        257       1427         23          0          6          5          7
         61          0         47         26        135       1332         36         36         41         81
          4          1         10          0          1         24        941         89         61         69
          4          0          4          5          7         20         49        942         84         85
         10          0         19          9         21         24         37         87        895         93
        130          1        193         28         65        153        119        230        272       2218

              precision    recall  f1-score   support

           0       0.98      0.53      0.69     32374
           1       0.84      1.00      0.92       119
           2       0.57      0.79      0.67      2972
           3       0.26      0.95      0.41      1795
           4       0.35      0.79      0.48      1796
           5       0.34      0.74      0.46      1795
           6       0.55      0.78      0.64      1200
           7       0.36      0.79      0.50      1200
           8       0.34      0.75      0.47      1195
           9       0.48      0.65      0.55      3409

    accuracy                           0.61     47855
   macro avg       0.51      0.78      0.58     47855
weighted avg       0.80      0.61      0.64     47855



running time in seconds: 20.374

