      23773          0        927       2550       1463       1390        192        307        480       1292
          0        119          0          0          0          0          0          0          0          0
          4          0       2854         34         20          5          3          1          4         47
          4          0          1       1778         12          0          0          0          0          0
          3          0          4         52       1729          5          0          1          1          1
         40          0         14          8         71       1630          1          1          8         22
          1          0          3          0          0          1       1170         13          6          6
          2          0          0          0          1          0          6       1147         23         21
          3          0          1          0          5          1          7         21       1124         33
         68          0         89          2         29         47         30         55        138       2951

              precision    recall  f1-score   support

           0       0.99      0.73      0.84     32374
           1       1.00      1.00      1.00       119
           2       0.73      0.96      0.83      2972
           3       0.40      0.99      0.57      1795
           4       0.52      0.96      0.67      1796
           5       0.53      0.91      0.67      1795
           6       0.83      0.97      0.90      1200
           7       0.74      0.96      0.84      1200
           8       0.63      0.94      0.75      1195
           9       0.67      0.87      0.76      3409

    accuracy                           0.80     47855
   macro avg       0.71      0.93      0.78     47855
weighted avg       0.88      0.80      0.81     47855



running time in seconds: 42.203

