      16305         31       1345       5397       2200       2343        556       1140       1145       1912
          0        119          0          0          0          0          0          0          0          0
         34          0       2340        200        170         42         11         25         25        125
          1          0          2       1781         11          0          0          0          0          0
         10          0         19        411       1327         18          0          3          4          4
         55          0         42         40        151       1324         37         34         39         73
          4          1         10          0          1         21        946         85         64         68
          3          0          4          6          7         20         47        951         85         77
         11          0         18         17         27         24         36         85        891         86
        120          1        187         37         68        152        121        218        282       2223

              precision    recall  f1-score   support

           0       0.99      0.50      0.67     32374
           1       0.78      1.00      0.88       119
           2       0.59      0.79      0.67      2972
           3       0.23      0.99      0.37      1795
           4       0.33      0.74      0.46      1796
           5       0.34      0.74      0.46      1795
           6       0.54      0.79      0.64      1200
           7       0.37      0.79      0.51      1200
           8       0.35      0.75      0.48      1195
           9       0.49      0.65      0.56      3409

    accuracy                           0.59     47855
   macro avg       0.50      0.77      0.57     47855
weighted avg       0.81      0.59      0.62     47855



running time in seconds: 20.210

