      32374          0          0          0          0          0          0          0          0          0
          0        119          0          0          0          0          0          0          0          0
          0          0       2972          0          0          0          0          0          0          0
          0          0          0       1795          0          0          0          0          0          0
          0          0          0          0       1796          0          0          0          0          0
          0          0          0          0          0       1795          0          0          0          0
          0          0          0          0          0          0       1200          0          0          0
          0          0          0          0          0          0          0       1200          0          0
          0          0          0          0          0          0          0          0       1195          0
          0          0          0          0          0          0          0          0          0       3409

              precision    recall  f1-score   support

           0       1.00      1.00      1.00     32374
           1       1.00      1.00      1.00       119
           2       1.00      1.00      1.00      2972
           3       1.00      1.00      1.00      1795
           4       1.00      1.00      1.00      1796
           5       1.00      1.00      1.00      1795
           6       1.00      1.00      1.00      1200
           7       1.00      1.00      1.00      1200
           8       1.00      1.00      1.00      1195
           9       1.00      1.00      1.00      3409

    accuracy                           1.00     47855
   macro avg       1.00      1.00      1.00     47855
weighted avg       1.00      1.00      1.00     47855



running time in seconds: 327.287

