      68784          3        109         40         35         17          3          4          6         58
          8         81          1          0          0          0          1          0          0          0
        979          0       2594          7          5          8          0          0          1          1
       1181          0         30       2159        161         53          0          1          1          8
        499          0          5        326       1750        115          1          0          7         40
        409          0          8         93        106       1184          0          0          0          0
        177          0         11          2          2          0        329         50          6         12
        109          0          3          0          7          0         23        385         40         33
        142          0          2          6          9          0          8         59        286         88
        552          0          9         16         94          0          2         41         62       1024

              precision    recall  f1-score   support

           0       0.94      1.00      0.97     69059
           1       0.96      0.89      0.93        91
           2       0.94      0.72      0.81      3595
           3       0.82      0.60      0.69      3594
           4       0.81      0.64      0.71      2743
           5       0.86      0.66      0.75      1800
           6       0.90      0.56      0.69       589
           7       0.71      0.64      0.68       600
           8       0.70      0.48      0.57       600
           9       0.81      0.57      0.67      1800

    accuracy                           0.93     84471
   macro avg       0.84      0.67      0.75     84471
weighted avg       0.93      0.93      0.92     84471



running time in seconds: 102.744

