      68752          1         75         94         42         52          1          1          3         38
          3         87          1          0          0          0          0          0          0          0
        378          0       3207          6          2          1          0          0          0          1
        653          0         21       2767        120         30          0          1          0          2
        315          0          5        226       2125         51          0          0          0         21
        229          0          4         86         42       1439          0          0          0          0
         71          0          8          1          1          0        478         18          8          4
         46          0          3          8         10          0         29        477         16         11
        100          0          2         13          6          0         16         45        393         25
        274          0         10         30         28          0         11         35         19       1393

              precision    recall  f1-score   support

           0       0.97      1.00      0.98     69059
           1       0.99      0.96      0.97        91
           2       0.96      0.89      0.93      3595
           3       0.86      0.77      0.81      3594
           4       0.89      0.77      0.83      2743
           5       0.91      0.80      0.85      1800
           6       0.89      0.81      0.85       589
           7       0.83      0.80      0.81       600
           8       0.90      0.66      0.76       600
           9       0.93      0.77      0.85      1800

    accuracy                           0.96     84471
   macro avg       0.91      0.82      0.86     84471
weighted avg       0.96      0.96      0.96     84471



running time in seconds: 92.996

