      44188         42       2373       5501       3477      10968        243        319        829       1119
          0         86          1          0          0          0          2          0          1          1
        607          0       2629        189         88         14          6          9         20         33
        556          0         63       1459        748        668          3          4         35         58
         68          0         18        483       1095        969          3         12         26         69
          7          0          6         63         68       1652          3          0          1          0
         52          0         15         22         19          3        309        114         25         30
         14          2         10         13         13          0         29        394         79         46
         16          0          4         30         31          0         17        161        284         57
        135          2         45        175        333         16         18        221        263        592

              precision    recall  f1-score   support

           0       0.97      0.64      0.77     69059
           1       0.65      0.95      0.77        91
           2       0.51      0.73      0.60      3595
           3       0.18      0.41      0.25      3594
           4       0.19      0.40      0.25      2743
           5       0.12      0.92      0.21      1800
           6       0.49      0.52      0.51       589
           7       0.32      0.66      0.43       600
           8       0.18      0.47      0.26       600
           9       0.30      0.33      0.31      1800

    accuracy                           0.62     84471
   macro avg       0.39      0.60      0.44     84471
weighted avg       0.84      0.62      0.69     84471



running time in seconds: 27.060

