      47055         30       2366       5051       2865       9348        262        339        687       1056
          0         86          1          0          0          0          2          0          1          1
        596          2       2666        174         85         17          4          6         17         28
        580          0         76       1462        771        614          5          6         30         50
         78          0         20        447       1276        825          3          7         29         58
          6          0          7         54        100       1630          2          0          1          0
         42          1         15         24         26          3        325        107         25         21
         10          0         12         14         17          0         38        394         78         37
         17          0          4         28         33          0         14        149        292         63
        148          2         48        180        325         10         28        213        232        614

              precision    recall  f1-score   support

           0       0.97      0.68      0.80     69059
           1       0.71      0.95      0.81        91
           2       0.51      0.74      0.61      3595
           3       0.20      0.41      0.27      3594
           4       0.23      0.47      0.31      2743
           5       0.13      0.91      0.23      1800
           6       0.48      0.55      0.51       589
           7       0.32      0.66      0.43       600
           8       0.21      0.49      0.29       600
           9       0.32      0.34      0.33      1800

    accuracy                           0.66     84471
   macro avg       0.41      0.62      0.46     84471
weighted avg       0.85      0.66      0.72     84471



running time in seconds: 26.648

