      68757          1         80         86         37         43          4          7          3         41
          4         86          1          0          0          0          0          0          0          0
        609          1       2970         11          3          1          0          0          0          0
        778          0         28       2609        142         25          0          0          1         11
        354          0          3        317       1954         81          1          0          3         30
        303          0          4         77        106       1310          0          0          0          0
        100          0         14          0          2          0        426         34          7          6
         62          0          6          4          7          0         27        452         29         13
        113          0          1          9          6          0          9         53        365         44
        378          0         11         18         81          0          4         37         65       1206

              precision    recall  f1-score   support

           0       0.96      1.00      0.98     69059
           1       0.98      0.95      0.96        91
           2       0.95      0.83      0.88      3595
           3       0.83      0.73      0.78      3594
           4       0.84      0.71      0.77      2743
           5       0.90      0.73      0.80      1800
           6       0.90      0.72      0.80       589
           7       0.78      0.75      0.76       600
           8       0.77      0.61      0.68       600
           9       0.89      0.67      0.77      1800

    accuracy                           0.95     84471
   macro avg       0.88      0.77      0.82     84471
weighted avg       0.95      0.95      0.95     84471



running time in seconds: 103.677

