      44570        274       3027       5361       3630       9609        384        512        691       1001
          0         86          1          0          0          0          2          0          1          1
        652          3       2571        175         95         20         14         21         16         28
        651          0         78       1219        961        585          4          7         29         60
        105          0         21        405       1226        883          4          6         40         53
          4          0          9         51        168       1563          2          1          1          1
         43          0         16         35         23          3        304         91         49         25
         20          2         14         12         19          0         55        315        127         36
         37          0          5         34         33          1         19        162        250         59
        151          2         59        180        363         27         24        233        291        470

              precision    recall  f1-score   support

           0       0.96      0.65      0.77     69059
           1       0.23      0.95      0.38        91
           2       0.44      0.72      0.55      3595
           3       0.16      0.34      0.22      3594
           4       0.19      0.45      0.26      2743
           5       0.12      0.87      0.22      1800
           6       0.37      0.52      0.43       589
           7       0.23      0.53      0.32       600
           8       0.17      0.42      0.24       600
           9       0.27      0.26      0.27      1800

    accuracy                           0.62     84471
   macro avg       0.32      0.57      0.37     84471
weighted avg       0.83      0.62      0.69     84471



running time in seconds: 16.892

