      43926         13       1807       5555       3470      12572        114        148        494        960
          0         87          1          0          0          0          2          0          1          0
        835          0       2499        142         73         12          2          1         11         20
        555          0         62       1706        618        592          1          2         23         35
         99          0         14        423       1204        929          3          4         15         52
         22          0         14         60         78       1623          1          0          1          1
         78          0         15         18         21          0        340         65         16         36
         37          0         15         15         17          0         44        367         60         45
         53          0          3         24         28          0         15        133        235        109
        182          1         37        169        328         29          9        181        142        722

              precision    recall  f1-score   support

           0       0.96      0.64      0.76     69059
           1       0.86      0.96      0.91        91
           2       0.56      0.70      0.62      3595
           3       0.21      0.47      0.29      3594
           4       0.21      0.44      0.28      2743
           5       0.10      0.90      0.18      1800
           6       0.64      0.58      0.61       589
           7       0.41      0.61      0.49       600
           8       0.24      0.39      0.29       600
           9       0.36      0.40      0.38      1800

    accuracy                           0.62     84471
   macro avg       0.45      0.61      0.48     84471
weighted avg       0.84      0.62      0.70     84471



running time in seconds: 9.017

