      49010         16       2163       4937       3183       7287        256        288        671       1248
          0         87          1          0          0          0          2          0          1          0
        658          2       2604        155         82         16         10         11         16         41
        606          0         65       1785        736        298          6          7         35         56
         89          0          9        692       1301        537          1          6         26         82
          2          0          6        108        162       1517          2          0          2          1
         37          0         12         24         14          3        358         96         25         20
         22          0          5          8         13          0         37        413         69         33
         34          0          1         25         21          0         14        150        292         63
        146          1         32        168        302          3         17        210        241        680

              precision    recall  f1-score   support

           0       0.97      0.71      0.82     69059
           1       0.82      0.96      0.88        91
           2       0.53      0.72      0.61      3595
           3       0.23      0.50      0.31      3594
           4       0.22      0.47      0.30      2743
           5       0.16      0.84      0.26      1800
           6       0.51      0.61      0.55       589
           7       0.35      0.69      0.46       600
           8       0.21      0.49      0.30       600
           9       0.31      0.38      0.34      1800

    accuracy                           0.69     84471
   macro avg       0.43      0.64      0.48     84471
weighted avg       0.85      0.69      0.74     84471



running time in seconds: 26.119

