      54169         18       2173       4468       1259       5642        178        151        187        814
          0         89          1          0          0          0          0          0          1          0
        848          3       2629         64         22          4          4          2          0         19
        812          0        106       2058        461        127          1          0          8         21
        240          0         61       1136        966        286          0          0          9         45
         25          0         24        410         54       1284          0          1          1          1
         89          1         17         33         22          1        363         41         17          5
         42          0         21         21         24          0         93        346         36         17
         70          0          4         33         41          1         55        154        188         54
        322          0         61        239        223          0         44        226         87        598

              precision    recall  f1-score   support

           0       0.96      0.78      0.86     69059
           1       0.80      0.98      0.88        91
           2       0.52      0.73      0.60      3595
           3       0.24      0.57      0.34      3594
           4       0.31      0.35      0.33      2743
           5       0.17      0.71      0.28      1800
           6       0.49      0.62      0.55       589
           7       0.38      0.58      0.45       600
           8       0.35      0.31      0.33       600
           9       0.38      0.33      0.35      1800

    accuracy                           0.74     84471
   macro avg       0.46      0.60      0.50     84471
weighted avg       0.85      0.74      0.78     84471



running time in seconds: 3.994

