      54974         10       1979       4336       1333       5038        185        173        237        794
          1         87          1          0          0          0          1          0          1          0
        773          1       2680         89         25          6          4          1          2         14
        711          0         96       2075        465        217          1          2         11         16
        168          0         33       1072       1011        398          0          2          9         50
          8          0         18        255         41       1478          0          0          0          0
         54          0         16         27         24          0        393         57         14          4
         29          0         12         13         19          0         81        380         47         19
         58          0          2         30         36          0         46        148        237         43
        286          0         55        197        206          0         48        244        102        662

              precision    recall  f1-score   support

           0       0.96      0.80      0.87     69059
           1       0.89      0.96      0.92        91
           2       0.55      0.75      0.63      3595
           3       0.26      0.58      0.36      3594
           4       0.32      0.37      0.34      2743
           5       0.21      0.82      0.33      1800
           6       0.52      0.67      0.58       589
           7       0.38      0.63      0.47       600
           8       0.36      0.40      0.38       600
           9       0.41      0.37      0.39      1800

    accuracy                           0.76     84471
   macro avg       0.48      0.63      0.53     84471
weighted avg       0.86      0.76      0.79     84471



running time in seconds: 24.647

