      68764          2        104         65         39         18          2          8          5         52
          6         84          1          0          0          0          0          0          0          0
        848          0       2727          7          4          7          1          0          0          1
       1041          0         24       2331        142         47          0          1          1          7
        448          0          4        319       1826        110          0          0          3         33
        374          0          8         87         99       1232          0          0          0          0
        144          0          6          4          2          0        375         39         12          7
         86          0          4          6          7          0         26        409         37         25
        130          0          1          5          7          0         11         53        322         71
        498          0         11         16         87          0          4         43         54       1087

              precision    recall  f1-score   support

           0       0.95      1.00      0.97     69059
           1       0.98      0.92      0.95        91
           2       0.94      0.76      0.84      3595
           3       0.82      0.65      0.72      3594
           4       0.83      0.67      0.74      2743
           5       0.87      0.68      0.77      1800
           6       0.89      0.64      0.74       589
           7       0.74      0.68      0.71       600
           8       0.74      0.54      0.62       600
           9       0.85      0.60      0.71      1800

    accuracy                           0.94     84471
   macro avg       0.86      0.71      0.78     84471
weighted avg       0.93      0.94      0.93     84471



running time in seconds: 106.381

