      43265         68       2504       5355       3439      12143        253        340        737        955
          0         87          1          0          0          0          2          0          1          0
        596          0       2582        223         97         16          7         13         20         41
        540          0         62       1342        854        694          6          3         37         56
         57          0         21        356       1199       1007          3         16         32         52
          4          0          7         32        104       1649          3          0          1          0
         48          0         16         30         19          2        284        118         41         31
         12          1         10         14         12          0         25        407         83         36
         20          0          4         24         31          0         11        164        296         50
        165          2         41        158        346         21         15        236        237        579

              precision    recall  f1-score   support

           0       0.97      0.63      0.76     69059
           1       0.55      0.96      0.70        91
           2       0.49      0.72      0.58      3595
           3       0.18      0.37      0.24      3594
           4       0.20      0.44      0.27      2743
           5       0.11      0.92      0.19      1800
           6       0.47      0.48      0.47       589
           7       0.31      0.68      0.43       600
           8       0.20      0.49      0.28       600
           9       0.32      0.32      0.32      1800

    accuracy                           0.61     84471
   macro avg       0.38      0.60      0.43     84471
weighted avg       0.84      0.61      0.69     84471



running time in seconds: 27.037

