      43296         23       2233       5853       3755      11994        160        150        411       1184
          1         86          1          0          0          0          2          0          1          0
        680          1       2614        145         92         11          4          3          8         37
        535          0         75       1347       1023        534          4          1         13         62
         76          0         22        339       1377        840          4          5         18         62
          6          0         17         36        126       1611          2          0          2          0
         64          0         20         24         26          0        303         91         28         33
         17          0         14         15         14          0         42        347         89         62
         38          0          2         35         27          0         20        107        282         89
        145          3         41        149        309         29          6        128        217        773

              precision    recall  f1-score   support

           0       0.97      0.63      0.76     69059
           1       0.76      0.95      0.84        91
           2       0.52      0.73      0.61      3595
           3       0.17      0.37      0.23      3594
           4       0.20      0.50      0.29      2743
           5       0.11      0.90      0.19      1800
           6       0.55      0.51      0.53       589
           7       0.42      0.58      0.48       600
           8       0.26      0.47      0.34       600
           9       0.34      0.43      0.38      1800

    accuracy                           0.62     84471
   macro avg       0.43      0.61      0.47     84471
weighted avg       0.84      0.62      0.69     84471



running time in seconds: 6.824

