      56241          6       1794       4056       1438       4149        189        154        196        836
          1         88          1          0          0          0          1          0          0          0
        680          1       2789         81         21          2          3          1          2         15
        692          0         84       2105        470        204          4          1          7         27
        174          0         30        890       1210        381          0          1          3         54
         17          0         13        232         48       1489          0          0          1          0
         56          0         11         16         22          0        437         40          4          3
         29          0          4         16         18          0         68        422         30         13
         56          0          2         22         41          0         49        128        259         43
        294          0         51        154        209          0         44        194         79        775

              precision    recall  f1-score   support

           0       0.97      0.81      0.88     69059
           1       0.93      0.97      0.95        91
           2       0.58      0.78      0.67      3595
           3       0.28      0.59      0.38      3594
           4       0.35      0.44      0.39      2743
           5       0.24      0.83      0.37      1800
           6       0.55      0.74      0.63       589
           7       0.45      0.70      0.55       600
           8       0.45      0.43      0.44       600
           9       0.44      0.43      0.43      1800

    accuracy                           0.78     84471
   macro avg       0.52      0.67      0.57     84471
weighted avg       0.86      0.78      0.81     84471



running time in seconds: 26.685

