      14865        396       9783       6596       2755       7558        926       6107       3444      11908
          0        104          0          0          2          0          0          1          0          0
         69         44       1190       1810        933         82         32        248        276        194
          0          8        352       2168       1023          0          7         14         12         16
          1         32        342       1474       1650          9         22         34         14         22
          5         53         13         67        674       2115         33        109        189        337
          0          3          0          0         27          1        769         94          6          0
          0          0          0          3          6          0        503        288         40         60
          0          0          0          1          3          0        256        176        183        281
          3          0          9         31        136         15        264        493        316       1417

              precision    recall  f1-score   support

           0       0.99      0.23      0.37     64338
           1       0.16      0.97      0.28       107
           2       0.10      0.24      0.14      4878
           3       0.18      0.60      0.28      3600
           4       0.23      0.46      0.31      3600
           5       0.22      0.59      0.32      3595
           6       0.27      0.85      0.41       900
           7       0.04      0.32      0.07       900
           8       0.04      0.20      0.07       900
           9       0.10      0.53      0.17      2684

    accuracy                           0.29     85502
   macro avg       0.23      0.50      0.24     85502
weighted avg       0.79      0.29      0.34     85502

