      14309       1779      10058       6026       2574       7219       1175       5906       3581      11711
          0        104          0          1          1          0          0          1          0          0
        110         42       1448       1465        983         75         97        247        246        165
          0          4        649       1817       1031          1          2         27         24         45
          0         32        503       1316       1607         14         12         68         22         26
         20         70         13         66        642       2135         40        118        140        351
          0          4          0          3         26          4        776         84          3          0
          0          0          0          3          5          0        549        234         27         82
          0          1          0          2          4          0        288        154        145        306
          4          2         10         30        150         21        348        408        217       1494

              precision    recall  f1-score   support

           0       0.99      0.22      0.36     64338
           1       0.05      0.97      0.10       107
           2       0.11      0.30      0.16      4878
           3       0.17      0.50      0.25      3600
           4       0.23      0.45      0.30      3600
           5       0.23      0.59      0.33      3595
           6       0.24      0.86      0.37       900
           7       0.03      0.26      0.06       900
           8       0.03      0.16      0.05       900
           9       0.11      0.56      0.18      2684

    accuracy                           0.28     85502
   macro avg       0.22      0.49      0.22     85502
weighted avg       0.78      0.28      0.33     85502

