      13733       2355      10103       6550       2309       6686       1427       5426       4185      11564
          0        104          0          1          1          0          1          0          0          0
         77         34       1534       1544        901        112         87        187        244        158
          0          4        666       1837       1013          0          7         14         25         34
          0         27        507       1387       1570         18         21         30         17         23
          9         69         25         38        674       2141         56         82        193        308
          0          3          0          2         30          1        793         65          6          0
          0          1          0          3          6          0        588        182         49         71
          0          0          0          1          3          0        308        117        185        286
          2          0         18         25        153         26        361        362        337       1400

              precision    recall  f1-score   support

           0       0.99      0.21      0.35     64338
           1       0.04      0.97      0.08       107
           2       0.12      0.31      0.17      4878
           3       0.16      0.51      0.25      3600
           4       0.24      0.44      0.31      3600
           5       0.24      0.60      0.34      3595
           6       0.22      0.88      0.35       900
           7       0.03      0.20      0.05       900
           8       0.04      0.21      0.06       900
           9       0.10      0.52      0.17      2684

    accuracy                           0.27     85502
   macro avg       0.22      0.49      0.21     85502
weighted avg       0.79      0.27      0.32     85502

