       6215       2392          1       2220       3654        793        140         65          0          2
          0        219          0          0          1          0          0          0          0          2
         45        643       1035        286        268        247       2234       3040         15       1039
       1335        537         55       1670       1285        268        395        583          2        312
       1223        963          2        752       1907        232         14          1          0          1
        559        771          2        508        627        967        137         18          0          0
         12         92         51         38         45         53       1437        324          0         34
         28         24         97         50         34         35        955        828         10         15
         51        209        124        104        107         77        472        710          7        234
        499        783        293        462        401        214        759        789          7        919

              precision    recall  f1-score   support

           0       0.62      0.40      0.49     15482
           1       0.03      0.99      0.06       222
           2       0.62      0.12      0.20      8852
           3       0.27      0.26      0.27      6442
           4       0.23      0.37      0.28      5095
           5       0.34      0.27      0.30      3589
           6       0.22      0.69      0.33      2086
           7       0.13      0.40      0.20      2076
           8       0.17      0.00      0.01      2095
           9       0.36      0.18      0.24      5126

    accuracy                           0.30     51065
   macro avg       0.30      0.37      0.24     51065
weighted avg       0.44      0.30      0.31     51065

