       9307       2363          5       1466        404       1024        743        169          0          1
          0        203         17          0          0          0          1          0          0          1
        154        491       3229         64         18        195       3183       1507          0         11
       2494        591        539        887         91        345       1048        437          0         10
       2780        900          1        514        145        457        285          9          0          4
       1633        621          5        202         40        286        701         96          0          5
         16        125        365          5          0         48       1347        173          0          7
         32        172        380         25          0         41       1073        350          0          3
        104        195        587         51         22         77        766        293          0          0
        664        677       1763        284         80        270       1035        350          0          3

              precision    recall  f1-score   support

           0       0.54      0.60      0.57     15482
           1       0.03      0.91      0.06       222
           2       0.47      0.36      0.41      8852
           3       0.25      0.14      0.18      6442
           4       0.18      0.03      0.05      5095
           5       0.10      0.08      0.09      3589
           6       0.13      0.65      0.22      2086
           7       0.10      0.17      0.13      2076
           8       0.00      0.00      0.00      2095
           9       0.07      0.00      0.00      5126

    accuracy                           0.31     51065
   macro avg       0.19      0.29      0.17     51065
weighted avg       0.32      0.31      0.29     51065

