       5659       1651          4       1856       4682       1457        128         42          0          3
          0        217          0          0          0          0          3          0          0          2
         40        499       1202        303        310        321       1910       2847        404       1016
        973        401         71       1890       1508        352        321        566         38        322
        790        764          0        617       2497        392         35          0          0          0
        316        553          1        379        422       1783        124         11          0          0
          4         64         44         40         42         59       1462        335         21         15
         19         16        101         51         46         38        796        911         84         14
         52        163        107         98        140        100        395        665        126        249
        529        602        285        425        550        268        594        779        136        958

              precision    recall  f1-score   support

           0       0.68      0.37      0.47     15482
           1       0.04      0.98      0.08       222
           2       0.66      0.14      0.23      8852
           3       0.33      0.29      0.31      6442
           4       0.24      0.49      0.33      5095
           5       0.37      0.50      0.43      3589
           6       0.25      0.70      0.37      2086
           7       0.15      0.44      0.22      2076
           8       0.16      0.06      0.09      2095
           9       0.37      0.19      0.25      5126

    accuracy                           0.33     51065
   macro avg       0.33      0.41      0.28     51065
weighted avg       0.47      0.33      0.34     51065

