         74          2          1         12         22          2
          1        646         27        285         82         85
          0         45        380        210         65         68
          1         70         55       5962        146        316
         11         98         51        457       1494        272
          1         87         40        550        222       2012

              precision    recall  f1-score   support

           0       0.84      0.65      0.74       113
           1       0.68      0.57      0.62      1126
           2       0.69      0.49      0.57       768
           3       0.80      0.91      0.85      6550
           4       0.74      0.63      0.68      2383
           5       0.73      0.69      0.71      2912

    accuracy                           0.76     13852
   macro avg       0.75      0.66      0.70     13852
weighted avg       0.76      0.76      0.76     13852



running time in seconds: 9.994

