        104          1          0          6          1          1
         17        117        241        478        137        136
          9          9        231        324         99         96
         41         25        395       4842        428        819
        198         48         81        837        769        450
         79         16        137        862        576       1242

              precision    recall  f1-score   support

           0       0.23      0.92      0.37       113
           1       0.54      0.10      0.17      1126
           2       0.21      0.30      0.25       768
           3       0.66      0.74      0.70      6550
           4       0.38      0.32      0.35      2383
           5       0.45      0.43      0.44      2912

    accuracy                           0.53     13852
   macro avg       0.41      0.47      0.38     13852
weighted avg       0.53      0.53      0.51     13852



running time in seconds: 9.647

