        105          0          1          6          1          0
        176        196         33        420        161        140
        138         90         79        275        101         85
        392        177         95       4647        290        949
        342         76         78        668        638        581
        197         90         76        773        385       1391

              precision    recall  f1-score   support

           0       0.08      0.93      0.14       113
           1       0.31      0.17      0.22      1126
           2       0.22      0.10      0.14       768
           3       0.68      0.71      0.70      6550
           4       0.40      0.27      0.32      2383
           5       0.44      0.48      0.46      2912

    accuracy                           0.51     13852
   macro avg       0.36      0.44      0.33     13852
weighted avg       0.52      0.51      0.51     13852



running time in seconds: 8.465

