         39          6          2          3         54          9
          1        422        275         85        242        101
          0        153        323         56        146         90
          6        619        552       3441        827       1105
         19        324         87        204       1324        425
          7        314        149        230        846       1366

              precision    recall  f1-score   support

           0       0.54      0.35      0.42       113
           1       0.23      0.37      0.28      1126
           2       0.23      0.42      0.30       768
           3       0.86      0.53      0.65      6550
           4       0.38      0.56      0.45      2383
           5       0.44      0.47      0.45      2912

    accuracy                           0.50     13852
   macro avg       0.45      0.45      0.43     13852
weighted avg       0.60      0.50      0.52     13852



running time in seconds: 5.570

