         79          4          2          3         25          0
          9        822        100         88         63         44
          6        365        295         45         33         24
         43       1328        794       3475        269        641
        123        459        374        392        732        303
         46        484        500        665        213       1004

              precision    recall  f1-score   support

           0       0.26      0.70      0.38       113
           1       0.24      0.73      0.36      1126
           2       0.14      0.38      0.21       768
           3       0.74      0.53      0.62      6550
           4       0.55      0.31      0.39      2383
           5       0.50      0.34      0.41      2912

    accuracy                           0.46     13852
   macro avg       0.40      0.50      0.39     13852
weighted avg       0.58      0.46      0.49     13852



running time in seconds: 4.617

