        104          0          0          3          3          3
         14        224        285        257        206        140
          2         35        321        188        133         89
         23        115        447       4258        489       1218
        147        114        124        427        947        624
         19         74        182        522        521       1594

              precision    recall  f1-score   support

           0       0.34      0.92      0.49       113
           1       0.40      0.20      0.27      1126
           2       0.24      0.42      0.30       768
           3       0.75      0.65      0.70      6550
           4       0.41      0.40      0.40      2383
           5       0.43      0.55      0.48      2912

    accuracy                           0.54     13852
   macro avg       0.43      0.52      0.44     13852
weighted avg       0.57      0.54      0.54     13852



running time in seconds: 7.252

