          1          2         21         13         70          6
          0        269        317        140        255        145
          0         76        364         61        166        101
          0        381        739       3253        900       1277
          1        153        281        210       1093        645
          2        143        403        245        848       1271

              precision    recall  f1-score   support

           0       0.25      0.01      0.02       113
           1       0.26      0.24      0.25      1126
           2       0.17      0.47      0.25       768
           3       0.83      0.50      0.62      6550
           4       0.33      0.46      0.38      2383
           5       0.37      0.44      0.40      2912

    accuracy                           0.45     13852
   macro avg       0.37      0.35      0.32     13852
weighted avg       0.56      0.45      0.48     13852



running time in seconds: 4.646

