          8          1         16          6         78          4
          0        276        342        106        302        100
          0         63        335         61        228         81
          1        274        705       3342        989       1239
          7        152        200        189       1338        497
          4        146        298        254        791       1419

              precision    recall  f1-score   support

           0       0.40      0.07      0.12       113
           1       0.30      0.25      0.27      1126
           2       0.18      0.44      0.25       768
           3       0.84      0.51      0.64      6550
           4       0.36      0.56      0.44      2383
           5       0.42      0.49      0.45      2912

    accuracy                           0.48     13852
   macro avg       0.42      0.39      0.36     13852
weighted avg       0.59      0.48      0.51     13852



running time in seconds: 5.462

