        105          0          2          4          2          0
         27        445         74        299        164        117
         15        226        162        185        109         71
        101        498        231       4230        393       1097
        256        123        149        493        788        574
         90        119        179        548        498       1478

              precision    recall  f1-score   support

           0       0.18      0.93      0.30       113
           1       0.32      0.40      0.35      1126
           2       0.20      0.21      0.21       768
           3       0.73      0.65      0.69      6550
           4       0.40      0.33      0.36      2383
           5       0.44      0.51      0.47      2912

    accuracy                           0.52     13852
   macro avg       0.38      0.50      0.40     13852
weighted avg       0.55      0.52      0.53     13852



running time in seconds: 6.660

