          4          0         12         13         68         16
          0        132        336        209        283        166
          0         27        358         83        180        120
          0        159       1234       3280       1003        874
          1         60        345        241       1068        668
          2         62        898        302        642       1006

              precision    recall  f1-score   support

           0       0.57      0.04      0.07       113
           1       0.30      0.12      0.17      1126
           2       0.11      0.47      0.18       768
           3       0.79      0.50      0.61      6550
           4       0.33      0.45      0.38      2383
           5       0.35      0.35      0.35      2912

    accuracy                           0.42     13852
   macro avg       0.41      0.32      0.29     13852
weighted avg       0.54      0.42      0.45     13852



running time in seconds: 4.656

