      62134          0          0          0
         65        461          0          0
        109          0        189          0
          0          0          0         53

              precision    recall  f1-score   support

           0       1.00      1.00      1.00     62134
           1       1.00      0.88      0.93       526
           2       1.00      0.63      0.78       298
           3       1.00      1.00      1.00        53

    accuracy                           1.00     63011
   macro avg       1.00      0.88      0.93     63011
weighted avg       1.00      1.00      1.00     63011

