      62133          0          1          0
          6        520          0          0
         11          0        287          0
          0          0          0         53

              precision    recall  f1-score   support

           0       1.00      1.00      1.00     62134
           1       1.00      0.99      0.99       526
           2       1.00      0.96      0.98       298
           3       1.00      1.00      1.00        53

    accuracy                           1.00     63011
   macro avg       1.00      0.99      0.99     63011
weighted avg       1.00      1.00      1.00     63011

