      62133          0          1          0
         19        507          0          0
         38          0        260          0
          0          0          0         53

              precision    recall  f1-score   support

           0       1.00      1.00      1.00     62134
           1       1.00      0.96      0.98       526
           2       1.00      0.87      0.93       298
           3       1.00      1.00      1.00        53

    accuracy                           1.00     63011
   macro avg       1.00      0.96      0.98     63011
weighted avg       1.00      1.00      1.00     63011

