      23291          0          0          0          0          0          0          0          0          0
         17         12          0          0          0          0          0          0          0          0
       3275          0          2          0          0          0          0          0          0          0
       3592          0          0          0          0          0          0          0          0          0
       3589          0          0          0          2          0          0          0          0          0
       3351          0          0          0          0        115          0          0          0          0
        295          0          0          0          0          0          0          0          0          0
        297          0          0          0          0          0          0          3          0          0
        296          0          0          0          0          0          0          0          4          0
        899          0          0          0          0          0          0          0          0          1

              precision    recall  f1-score   support

           0       0.60      1.00      0.75     23291
           1       1.00      0.41      0.59        29
           2       1.00      0.00      0.00      3277
           3       0.00      0.00      0.00      3592
           4       1.00      0.00      0.00      3591
           5       1.00      0.03      0.06      3466
           6       0.00      0.00      0.00       295
           7       1.00      0.01      0.02       300
           8       1.00      0.01      0.03       300
           9       1.00      0.00      0.00       900

    accuracy                           0.60     39041
   macro avg       0.76      0.15      0.14     39041
weighted avg       0.66      0.60      0.45     39041



running time in seconds: 0.788

