      23288          0          0          0          3          0          0          0          0          0
         12         17          0          0          0          0          0          0          0          0
       3177          0         75          0         25          0          0          0          0          0
       3526          0          0          1         65          0          0          0          0          0
       2528          0          0          0       1062          0          0          0          0          1
       1819          0          0          0         18       1629          0          0          0          0
        260          0          0          0          0          0         35          0          0          0
        278          0          0          0          1          0          1         20          0          0
        143          0          0          0          0          0          0          0        153          4
        418          0          0          0          0         69          0          0          0        413

              precision    recall  f1-score   support

           0       0.66      1.00      0.79     23291
           1       1.00      0.59      0.74        29
           2       1.00      0.02      0.04      3277
           3       1.00      0.00      0.00      3592
           4       0.90      0.30      0.45      3591
           5       0.96      0.47      0.63      3466
           6       0.97      0.12      0.21       295
           7       1.00      0.07      0.12       300
           8       1.00      0.51      0.68       300
           9       0.99      0.46      0.63       900

    accuracy                           0.68     39041
   macro avg       0.95      0.35      0.43     39041
weighted avg       0.78      0.68      0.60     39041



running time in seconds: 5.785

