      23291          0          0          0          0          0          0          0          0          0
         20          9          0          0          0          0          0          0          0          0
       3273          0          4          0          0          0          0          0          0          0
       3591          0          0          1          0          0          0          0          0          0
       3584          0          0          0          7          0          0          0          0          0
       3315          0          0          0          0        151          0          0          0          0
        295          0          0          0          0          0          0          0          0          0
        298          0          0          0          0          0          0          2          0          0
        292          0          0          0          0          0          0          0          8          0
        899          0          0          0          0          0          0          0          0          1

              precision    recall  f1-score   support

           0       0.60      1.00      0.75     23291
           1       1.00      0.31      0.47        29
           2       1.00      0.00      0.00      3277
           3       1.00      0.00      0.00      3592
           4       1.00      0.00      0.00      3591
           5       1.00      0.04      0.08      3466
           6       0.00      0.00      0.00       295
           7       1.00      0.01      0.01       300
           8       1.00      0.03      0.05       300
           9       1.00      0.00      0.00       900

    accuracy                           0.60     39041
   macro avg       0.86      0.14      0.14     39041
weighted avg       0.75      0.60      0.46     39041



running time in seconds: 0.421

