      23291          0          0          0          0          0          0          0          0          0
         12         17          0          0          0          0          0          0          0          0
       3201          0         76          0          0          0          0          0          0          0
       3518          0          0         74          0          0          0          0          0          0
       3418          0          0          0        173          0          0          0          0          0
       2681          0          0          0          0        785          0          0          0          0
        281          0          0          0          0          0         14          0          0          0
        269          0          0          0          0          0          0         31          0          0
        232          0          0          0          0          0          0          0         68          0
        846          0          0          0          0          1          0          0          0         53

              precision    recall  f1-score   support

           0       0.62      1.00      0.76     23291
           1       1.00      0.59      0.74        29
           2       1.00      0.02      0.05      3277
           3       1.00      0.02      0.04      3592
           4       1.00      0.05      0.09      3591
           5       1.00      0.23      0.37      3466
           6       1.00      0.05      0.09       295
           7       1.00      0.10      0.19       300
           8       1.00      0.23      0.37       300
           9       1.00      0.06      0.11       900

    accuracy                           0.63     39041
   macro avg       0.96      0.23      0.28     39041
weighted avg       0.77      0.63      0.51     39041



running time in seconds: 0.964

