      23282          0          0          0          9          0          0          0          0          0
          6         23          0          0          0          0          0          0          0          0
       2870          0        274         32        101          0          0          0          0          0
       2900          0          1        562        129          0          0          0          0          0
       1607          0          0          7       1977          0          0          0          0          0
       1751          0          0          1         52       1662          0          0          0          0
        224          0          0          0          1          0         70          0          0          0
        201          0          0          1          2          0          3         93          0          0
        118          0          0          0          2          0          0          0        179          1
        270          0          0          0          0         25          0          0          0        605

              precision    recall  f1-score   support

           0       0.70      1.00      0.82     23291
           1       1.00      0.79      0.88        29
           2       1.00      0.08      0.15      3277
           3       0.93      0.16      0.27      3592
           4       0.87      0.55      0.67      3591
           5       0.99      0.48      0.65      3466
           6       0.96      0.24      0.38       295
           7       1.00      0.31      0.47       300
           8       1.00      0.60      0.75       300
           9       1.00      0.67      0.80       900

    accuracy                           0.74     39041
   macro avg       0.94      0.49      0.59     39041
weighted avg       0.80      0.74      0.68     39041



running time in seconds: 3.926

