      23291          0          0          0          0          0          0          0          0          0
          3         26          0          0          0          0          0          0          0          0
       2966          0        311          0          0          0          0          0          0          0
       3152          0          0        438          2          0          0          0          0          0
       2610          0          0          0        981          0          0          0          0          0
       2015          0          0          0          0       1451          0          0          0          0
        243          0          0          0          0          0         52          0          0          0
        181          0          0          0          0          0          0        119          0          0
        149          0          0          0          0          0          0          0        151          0
        639          0          0          0          0          6          0          0          0        255

              precision    recall  f1-score   support

           0       0.66      1.00      0.80     23291
           1       1.00      0.90      0.95        29
           2       1.00      0.09      0.17      3277
           3       1.00      0.12      0.22      3592
           4       1.00      0.27      0.43      3591
           5       1.00      0.42      0.59      3466
           6       1.00      0.18      0.30       295
           7       1.00      0.40      0.57       300
           8       1.00      0.50      0.67       300
           9       1.00      0.28      0.44       900

    accuracy                           0.69     39041
   macro avg       0.97      0.42      0.51     39041
weighted avg       0.80      0.69      0.62     39041



running time in seconds: 2.168

