          0          0          0          0          0          0          0          0          0          0
          0        153          1          8          0          0         13          6          2          0
          0        440       4728       1309          0          0        715        550        162        435
          0          6        224       1472          0          0         18          6          3         10
          0          0          0          0          0          0          0          0          0          0
          0          0          0          0          0          0          0          0          0          0
          0        175        747        212          0          0       2074        253         68         59
          0         97        767        196          0          0        683       1201        256         92
          0         13        693        442          0          0        468        647        779        247
          0        118       1601       1421          0          0        446        437        545       1814

              precision    recall  f1-score   support

           1       0.15      0.84      0.26       183
           2       0.54      0.57      0.55      8339
           3       0.29      0.85      0.43      1739
           6       0.47      0.58      0.52      3588
           7       0.39      0.36      0.38      3292
           8       0.43      0.24      0.31      3289
           9       0.68      0.28      0.40      6382

    accuracy                           0.46     26812
   macro avg       0.42      0.53      0.41     26812
weighted avg       0.51      0.46      0.45     26812



running time in seconds: 3.205

