          0          0          0          0          0          0          0          0          0          0
          0        176          0          1          0          0          1          3          0          2
          0          7       6505        746          0          0        519        234         87        241
          0          0        155       1556          0          0          5          2          2         19
          0          0          0          0          0          0          0          0          0          0
          0          0          0          0          0          0          0          0          0          0
          0         11        893        203          0          0       2291        159         25          6
          0          9        789        304          0          0        775       1216        179         20
          0          3        666        341          0          0        528        396       1177        178
          0          7       1707       1177          0          0        522        417        317       2235

              precision    recall  f1-score   support

           1       0.83      0.96      0.89       183
           2       0.61      0.78      0.68      8339
           3       0.36      0.89      0.51      1739
           6       0.49      0.64      0.56      3588
           7       0.50      0.37      0.43      3292
           8       0.66      0.36      0.46      3289
           9       0.83      0.35      0.49      6382

    accuracy                           0.57     26812
   macro avg       0.61      0.62      0.57     26812
weighted avg       0.62      0.57      0.55     26812



running time in seconds: 4.810

