          0          0          0          0          0          0          0          0          0          0
          0        148          5         11          0          0         12          3          2          2
          0        538       2970       3026          0          0       1186        286        122        211
          0         24         71       1618          0          0          9          0          8          9
          0          0          0          0          0          0          0          0          0          0
          0          0          0          0          0          0          0          0          0          0
          0        177        459        726          0          0       1904        213         66         43
          0        103        469        664          0          0        909        808        276         63
          0         26        399        841          0          0        741        451        622        209
          0        132       1141       2218          0          0        696        336        554       1305

              precision    recall  f1-score   support

           1       0.13      0.81      0.22       183
           2       0.54      0.36      0.43      8339
           3       0.18      0.93      0.30      1739
           6       0.35      0.53      0.42      3588
           7       0.39      0.25      0.30      3292
           8       0.38      0.19      0.25      3289
           9       0.71      0.20      0.32      6382

    accuracy                           0.35     26812
   macro avg       0.38      0.47      0.32     26812
weighted avg       0.49      0.35      0.35     26812



running time in seconds: 13.671

