          0          0          0          0          0          0          0          0          0          0
          0        119          8         24          0          0         17          8          3          4
          0          9       2950       3072          0          0       1232        476        245        355
          0          0         22       1689          0          0          3          7         10          8
          0          0          0          0          0          0          0          0          0          0
          0          0          0          0          0          0          0          0          0          0
          0         17        375        596          0          0       2071        406         89         34
          0         12        385        617          0          0        803       1147        275         53
          0          3        351        731          0          0        546        554        939        165
          0          2        932       2095          0          0        645        408        949       1351

              precision    recall  f1-score   support

           1       0.73      0.65      0.69       183
           2       0.59      0.35      0.44      8339
           3       0.19      0.97      0.32      1739
           6       0.39      0.58      0.47      3588
           7       0.38      0.35      0.36      3292
           8       0.37      0.29      0.32      3289
           9       0.69      0.21      0.32      6382

    accuracy                           0.38     26812
   macro avg       0.48      0.49      0.42     26812
weighted avg       0.51      0.38      0.39     26812



running time in seconds: 5.437

