          0          0          0          0          0          0          0          0          0          0
          0        153          8          0          0          0         12          4          1          5
          0         14       7845         60          0          0        112         85         40        183
          0          0        150       1464          0          0          3          5          5        112
          0          0          0          0          0          0          0          0          0          0
          0          0          0          0          0          0          0          0          0          0
          0          9        329         13          0          0       3103         77         31         26
          0         13        353         27          0          0        247       2526        100         26
          0          4        322         43          0          0        126        175       2448        171
          0          5        591        113          0          0        115         97         95       5366

              precision    recall  f1-score   support

           1       0.77      0.84      0.80       183
           2       0.82      0.94      0.87      8339
           3       0.85      0.84      0.85      1739
           6       0.83      0.86      0.85      3588
           7       0.85      0.77      0.81      3292
           8       0.90      0.74      0.81      3289
           9       0.91      0.84      0.87      6382

    accuracy                           0.85     26812
   macro avg       0.85      0.83      0.84     26812
weighted avg       0.86      0.85      0.85     26812



running time in seconds: 106.876

