          0          0          0          0          0          0          0          0          0          0
          0        120         10         30          0          0         14          6          0          3
          0         46       2536       3750          0          0       1120        544         78        265
          0          2         35       1679          0          0          5          4          1         13
          0          0          0          0          0          0          0          0          0          0
          0          0          0          0          0          0          0          0          0          0
          0         48        361        938          0          0       1845        304         59         33
          0         38        388        846          0          0        867        897        172         84
          0         17        370        926          0          0        659        574        560        183
          0         52       1070       2439          0          0        715        335        395       1376

              precision    recall  f1-score   support

           1       0.37      0.66      0.47       183
           2       0.53      0.30      0.39      8339
           3       0.16      0.97      0.27      1739
           6       0.35      0.51      0.42      3588
           7       0.34      0.27      0.30      3292
           8       0.44      0.17      0.25      3289
           9       0.70      0.22      0.33      6382

    accuracy                           0.34     26812
   macro avg       0.41      0.44      0.35     26812
weighted avg       0.49      0.34      0.34     26812



running time in seconds: 3.752

