       8117          6        280        296        139        354        183        216        223        341
          0          8          0          0          0          0          0          0          0          0
         49          1       1362        138         34         34         49         29         60         39
          0          0          4       2326         42        105          0          0          0          3
          0          0          3        162       1809        186          0          0          0          9
          0          0          0         51         51       1694          0          0          0          0
          3          0          4          0          0          0        584          1          4          4
          7          0          7          0          0          0          2        570          8          6
          0          0          1          0          0          0          1          5        572         16
         11          0          8         15         24          0         20          5         21       1106

              precision    recall  f1-score   support

           0       0.99      0.80      0.89     10155
           1       0.53      1.00      0.70         8
           2       0.82      0.76      0.79      1795
           3       0.78      0.94      0.85      2480
           4       0.86      0.83      0.85      2169
           5       0.71      0.94      0.81      1796
           6       0.70      0.97      0.81       600
           7       0.69      0.95      0.80       600
           8       0.64      0.96      0.77       595
           9       0.73      0.91      0.81      1210

    accuracy                           0.85     21408
   macro avg       0.75      0.91      0.81     21408
weighted avg       0.87      0.85      0.85     21408



running time in seconds: 24.232

