       5615        238        153        622        157        982        447        599        848        494
          0          8          0          0          0          0          0          0          0          0
         84         17        671        204         55        121        145        118        292         88
          0          0          0       2061         73        345          0          0          0          1
          0          0          0        493       1053        621          0          0          0          2
          0          0          0        166         69       1561          0          0          0          0
         14          6         13          0          0          0        407         30         82         48
         12          3         15          0          0          0         33        400        100         37
         13          8         17          0          0          0         37         47        407         66
         14          6          8        255         16          5         55         43         95        713

              precision    recall  f1-score   support

           0       0.98      0.55      0.71     10155
           1       0.03      1.00      0.05         8
           2       0.77      0.37      0.50      1795
           3       0.54      0.83      0.66      2480
           4       0.74      0.49      0.59      2169
           5       0.43      0.87      0.57      1796
           6       0.36      0.68      0.47       600
           7       0.32      0.67      0.44       600
           8       0.22      0.68      0.34       595
           9       0.49      0.59      0.54      1210

    accuracy                           0.60     21408
   macro avg       0.49      0.67      0.49     21408
weighted avg       0.75      0.60      0.63     21408



running time in seconds: 19.858

