       6715          2        482        208        262        378        444        527        537        600
          0          8          0          0          0          0          0          0          0          0
         85          0       1056        102         40         30        133         99        132        118
         17          0        106       2031        155        157          0          0          0         14
         16          0         29        190       1701        213          0          0          0         20
         15          0          7         83        161       1530          0          0          0          0
         13          0         24          0          0          0        458         36         30         39
         16          0         28          0          0          0         31        449         47         29
         15          0         35          0          0          0         31         49        426         39
         24          0         28         25         31          1         55         32         67        947

              precision    recall  f1-score   support

           0       0.97      0.66      0.79     10155
           1       0.80      1.00      0.89         8
           2       0.59      0.59      0.59      1795
           3       0.77      0.82      0.79      2480
           4       0.72      0.78      0.75      2169
           5       0.66      0.85      0.75      1796
           6       0.40      0.76      0.52       600
           7       0.38      0.75      0.50       600
           8       0.34      0.72      0.46       595
           9       0.52      0.78      0.63      1210

    accuracy                           0.72     21408
   macro avg       0.62      0.77      0.67     21408
weighted avg       0.79      0.72      0.73     21408



running time in seconds: 20.228

