       7602          0        397        204        167        287        354        344        344        456
          0          8          0          0          0          0          0          0          0          0
         61          0       1273        118         30         25         71         66         79         72
         11          0         43       2214        114         93          0          0          0          5
         10          0         11        110       1859        161          0          0          0         18
          9          0         10         58         99       1620          0          0          0          0
          9          0         11          0          0          0        544          9         13         14
          8          0          7          0          0          0         15        542         18         10
          4          0         18          0          0          0          8         20        517         28
          9          0         14          8         36          0         36         21         39       1047

              precision    recall  f1-score   support

           0       0.98      0.75      0.85     10155
           1       1.00      1.00      1.00         8
           2       0.71      0.71      0.71      1795
           3       0.82      0.89      0.85      2480
           4       0.81      0.86      0.83      2169
           5       0.74      0.90      0.81      1796
           6       0.53      0.91      0.67       600
           7       0.54      0.90      0.68       600
           8       0.51      0.87      0.64       595
           9       0.63      0.87      0.73      1210

    accuracy                           0.80     21408
   macro avg       0.73      0.87      0.78     21408
weighted avg       0.85      0.80      0.81     21408



running time in seconds: 21.751

