       7337          1        468        260        143        241        322        455        484        444
          0          8          0          0          0          0          0          0          0          0
         92          1       1171         87         52         18        102         88        101         83
         11          0         93       2198         69         98          0          0          0         11
         13          0         21        237       1727        151          0          0          0         20
         17          0          9        104        137       1529          0          0          0          0
         19          1         21          0          0          0        454         39         28         38
         23          0         32          0          0          0         15        477         38         15
          8          0         26          0          0          0         25         35        473         28
         31          0         32         14         16          0         39         41         47        990

              precision    recall  f1-score   support

           0       0.97      0.72      0.83     10155
           1       0.73      1.00      0.84         8
           2       0.63      0.65      0.64      1795
           3       0.76      0.89      0.82      2480
           4       0.81      0.80      0.80      2169
           5       0.75      0.85      0.80      1796
           6       0.47      0.76      0.58       600
           7       0.42      0.80      0.55       600
           8       0.40      0.79      0.54       595
           9       0.61      0.82      0.70      1210

    accuracy                           0.76     21408
   macro avg       0.65      0.81      0.71     21408
weighted avg       0.82      0.76      0.78     21408



running time in seconds: 12.454

