       1912        662          4        399        405        951       1449        809       1977       1587
          0          8          0          0          0          0          0          0          0          0
         23         62         69         38        245        153        311        206        536        152
          0          0          4        698       1029        732          3          0          0         14
          0          0          8        240       1022        869          8          4          1         17
          0          0          1        151         65       1562          9          3          0          5
         10         18          0          2          0          0        327         34        128         81
         10         11          0          0          0          0        147        221        131         80
         10         26          0          1          0          0        110         64        286         98
          7         22          2        120        202         11        136         72        154        484

              precision    recall  f1-score   support

           0       0.97      0.19      0.32     10155
           1       0.01      1.00      0.02         8
           2       0.78      0.04      0.07      1795
           3       0.42      0.28      0.34      2480
           4       0.34      0.47      0.40      2169
           5       0.37      0.87      0.51      1796
           6       0.13      0.55      0.21       600
           7       0.16      0.37      0.22       600
           8       0.09      0.48      0.15       595
           9       0.19      0.40      0.26      1210

    accuracy                           0.31     21408
   macro avg       0.35      0.46      0.25     21408
weighted avg       0.66      0.31      0.31     21408



running time in seconds: 15.802

