       8199          0        326        172        136        261        223        226        247        365
          0          8          0          0          0          0          0          0          0          0
         48          0       1428         85         30         22         47         31         65         39
          4          0         49       2276         79         69          0          0          0          3
          9          0         12         93       1924        121          0          0          0         10
          2          0          4         43         72       1675          0          0          0          0
          4          0          4          0          0          0        583          1          4          4
          7          0          5          0          0          0          3        568         10          7
          0          0          1          0          0          0          2          6        577          9
         13          0          7          8         22          0         20         11         21       1108

              precision    recall  f1-score   support

           0       0.99      0.81      0.89     10155
           1       1.00      1.00      1.00         8
           2       0.78      0.80      0.79      1795
           3       0.85      0.92      0.88      2480
           4       0.85      0.89      0.87      2169
           5       0.78      0.93      0.85      1796
           6       0.66      0.97      0.79       600
           7       0.67      0.95      0.79       600
           8       0.62      0.97      0.76       595
           9       0.72      0.92      0.80      1210

    accuracy                           0.86     21408
   macro avg       0.79      0.91      0.84     21408
weighted avg       0.88      0.86      0.86     21408



running time in seconds: 25.275

