       1566       1052        221        778        103        905       1482       1010       2145        893
          0          8          0          0          0          0          0          0          0          0
          5         74        239        206        188         48        285        238        414         98
          0          8          0       1999        216        216         10          2          0         29
          0          5          1        652        762        692         18         11          2         26
          0          1          0        507        320        949          9          6          0          4
          1         29         14          0          0          0        317         47        147         45
          0         25         11          0          0          0        114        264        134         52
          1         34         21          2          0          0        103         79        282         73
          1         57         17        340         22          6        186         86        156        339

              precision    recall  f1-score   support

           0       0.99      0.15      0.27     10155
           1       0.01      1.00      0.01         8
           2       0.46      0.13      0.21      1795
           3       0.45      0.81      0.57      2480
           4       0.47      0.35      0.40      2169
           5       0.34      0.53      0.41      1796
           6       0.13      0.53      0.20       600
           7       0.15      0.44      0.23       600
           8       0.09      0.47      0.15       595
           9       0.22      0.28      0.24      1210

    accuracy                           0.31     21408
   macro avg       0.33      0.47      0.27     21408
weighted avg       0.66      0.31      0.32     21408



running time in seconds: 109.111

