       1596        500         47        937        124        779        489       1028       2935       1720
          0          8          0          0          0          0          0          0          0          0
          7         39         99        252        153         38        156        251        634        166
          0          0          6       2169        103        199          0          0          0          3
          0          0          9        686        789        677          1          2          0          5
          0          0          2        620        249        912          4          3          0          6
          1         15          0          1          0          0        240         53        149        141
          1          3          2          0          0          0         39        279        176        100
          3         13          0          4          0          0         52         81        337        105
          2         12          1        405          4         13         54         79        192        448

              precision    recall  f1-score   support

           0       0.99      0.16      0.27     10155
           1       0.01      1.00      0.03         8
           2       0.60      0.06      0.10      1795
           3       0.43      0.87      0.57      2480
           4       0.55      0.36      0.44      2169
           5       0.35      0.51      0.41      1796
           6       0.23      0.40      0.29       600
           7       0.16      0.47      0.23       600
           8       0.08      0.57      0.13       595
           9       0.17      0.37      0.23      1210

    accuracy                           0.32     21408
   macro avg       0.36      0.48      0.27     21408
weighted avg       0.68      0.32      0.31     21408



running time in seconds: 11.894

