       7483         35         95        514        155        790        192        248        214        429
          0          8          0          0          0          0          0          0          0          0
        174          3        886        186         40         94         69         63        174        106
          0          0          0       2222         88        170          0          0          0          0
          0          0          1        409       1109        648          0          0          0          2
          0          0          0        152         46       1598          0          0          0          0
         23          2         12          0          0          0        459         10         47         47
         17          0         11          0          0          0         20        487         42         23
         22          2          6          0          0          0          8         19        490         48
         33          0          8        104         23          0         20         30         43        949

              precision    recall  f1-score   support

           0       0.97      0.74      0.84     10155
           1       0.16      1.00      0.28         8
           2       0.87      0.49      0.63      1795
           3       0.62      0.90      0.73      2480
           4       0.76      0.51      0.61      2169
           5       0.48      0.89      0.63      1796
           6       0.60      0.77      0.67       600
           7       0.57      0.81      0.67       600
           8       0.49      0.82      0.61       595
           9       0.59      0.78      0.67      1210

    accuracy                           0.73     21408
   macro avg       0.61      0.77      0.63     21408
weighted avg       0.80      0.73      0.74     21408



running time in seconds: 14.600

