      20972        314        134          1
       2163       1388         25          3
       1028        105        496          0
         73          7         10         93

              precision    recall  f1-score   support

           0       0.87      0.98      0.92     21421
           1       0.77      0.39      0.51      3579
           2       0.75      0.30      0.43      1629
           3       0.96      0.51      0.66       183

    accuracy                           0.86     26812
   macro avg       0.83      0.54      0.63     26812
weighted avg       0.85      0.86      0.83     26812

