      21418          3          0          0
          7       3572          0          0
          3          0       1626          0
          0          0          0        183

              precision    recall  f1-score   support

           0       1.00      1.00      1.00     21421
           1       1.00      1.00      1.00      3579
           2       1.00      1.00      1.00      1629
           3       1.00      1.00      1.00       183

    accuracy                           1.00     26812
   macro avg       1.00      1.00      1.00     26812
weighted avg       1.00      1.00      1.00     26812

