      21007        311        103          0
       1595       1974          8          2
        766         55        808          0
         42          5         14        122

              precision    recall  f1-score   support

           0       0.90      0.98      0.94     21421
           1       0.84      0.55      0.67      3579
           2       0.87      0.50      0.63      1629
           3       0.98      0.67      0.79       183

    accuracy                           0.89     26812
   macro avg       0.90      0.67      0.76     26812
weighted avg       0.89      0.89      0.88     26812

