      20504          0          0          0
          0        598          0          0
          5          0        293          0
          0          0          0          8

              precision    recall  f1-score   support

           0       1.00      1.00      1.00     20504
           1       1.00      1.00      1.00       598
           2       1.00      0.98      0.99       298
           3       1.00      1.00      1.00         8

    accuracy                           1.00     21408
   macro avg       1.00      1.00      1.00     21408
weighted avg       1.00      1.00      1.00     21408

