      20503          1          0          0
         35        563          0          0
         43          0        255          0
          1          0          0          7

              precision    recall  f1-score   support

           0       1.00      1.00      1.00     20504
           1       1.00      0.94      0.97       598
           2       1.00      0.86      0.92       298
           3       1.00      0.88      0.93         8

    accuracy                           1.00     21408
   macro avg       1.00      0.92      0.96     21408
weighted avg       1.00      1.00      1.00     21408

