      20484         17          3          0
        379        219          0          0
        260          0         38          0
          8          0          0          0

              precision    recall  f1-score   support

           0       0.97      1.00      0.98     20504
           1       0.93      0.37      0.53       598
           2       0.93      0.13      0.22       298
           3       0.00      0.00      0.00         8

    accuracy                           0.97     21408
   macro avg       0.71      0.37      0.43     21408
weighted avg       0.97      0.97      0.96     21408

