      20504          0          0          0
        302        296          0          0
        196          0        102          0
          5          0          0          3

              precision    recall  f1-score   support

           0       0.98      1.00      0.99     20504
           1       1.00      0.49      0.66       598
           2       1.00      0.34      0.51       298
           3       1.00      0.38      0.55         8

    accuracy                           0.98     21408
   macro avg       0.99      0.55      0.68     21408
weighted avg       0.98      0.98      0.97     21408

