      20493         11          0          0
        319        279          0          0
        229          0         69          0
          6          0          0          2

              precision    recall  f1-score   support

           0       0.97      1.00      0.99     20504
           1       0.96      0.47      0.63       598
           2       1.00      0.23      0.38       298
           3       1.00      0.25      0.40         8

    accuracy                           0.97     21408
   macro avg       0.98      0.49      0.60     21408
weighted avg       0.97      0.97      0.97     21408

