      20502          2          0          0
        518         80          0          0
        295          0          3          0
          8          0          0          0

              precision    recall  f1-score   support

           0       0.96      1.00      0.98     20504
           1       0.98      0.13      0.24       598
           2       1.00      0.01      0.02       298
           3       0.00      0.00      0.00         8

    accuracy                           0.96     21408
   macro avg       0.73      0.29      0.31     21408
weighted avg       0.96      0.96      0.95     21408

