        107         22          5         30         55         30
          4       1041        140        195        181        169
         13        281        693        252        210        133
         56        997        529       3402        696        714
         94       1000        371        759       3608        988
         62       1057        451       1470       1565       5065

              precision    recall  f1-score   support

           0       0.32      0.43      0.37       249
           1       0.24      0.60      0.34      1730
           2       0.32      0.44      0.37      1582
           3       0.56      0.53      0.54      6394
           4       0.57      0.53      0.55      6820
           5       0.71      0.52      0.60      9670

    accuracy                           0.53     26445
   macro avg       0.45      0.51      0.46     26445
weighted avg       0.58      0.53      0.54     26445

