          5       1225       5995       4759        527      22495       1974      10861        973        275
          0         49          0          1          0          0          2          1          0          0
          0        545        864        758         15          9        179       1108        115          7
          0        310        647        962         22         11        196        870        132          2
          0         78        199        290         19        732         59        366         49          8
          0          6         23         18         17       1116         20        572         13         10
          0         41         38         25          0         10        109        293         11          0
          0          0          1          2          0          2         11        573          6          0
          0         19         71          4         17         12         29        415         31          2
          0         86        272        216          3        271         96        752         65         39

              precision    recall  f1-score   support

           0       1.00      0.00      0.00     49089
           1       0.02      0.92      0.04        53
           2       0.11      0.24      0.15      3600
           3       0.14      0.31      0.19      3152
           4       0.03      0.01      0.02      1800
           5       0.05      0.62      0.08      1795
           6       0.04      0.21      0.07       527
           7       0.04      0.96      0.07       595
           8       0.02      0.05      0.03       600
           9       0.11      0.02      0.04      1800

    accuracy                           0.06     63011
   macro avg       0.16      0.33      0.07     63011
weighted avg       0.80      0.06      0.02     63011

