       5406       1967       6897       8660       1396      20341       3562        480         10        370
          0         49          0          0          0          0          4          0          0          0
          0        520       1653        888         21         98        304        113          3          0
          2        412        517       1725         46        106        284         53          6          1
          4        124        203        352         49       1011         55          0          2          0
          2          9         29         34         19       1661         36          0          0          5
          2         33         35         62          2         28        240        108          8          9
          0          0         18         22         22        130         49        352          2          0
          0          5         29         44         99        104          9        187         71         52
        102         58         88         76         76        286         54        243        119        698

              precision    recall  f1-score   support

           0       0.98      0.11      0.20     49089
           1       0.02      0.92      0.03        53
           2       0.17      0.46      0.25      3600
           3       0.15      0.55      0.23      3152
           4       0.03      0.03      0.03      1800
           5       0.07      0.93      0.13      1795
           6       0.05      0.46      0.09       527
           7       0.23      0.59      0.33       595
           8       0.32      0.12      0.17       600
           9       0.61      0.39      0.48      1800

    accuracy                           0.19     63011
   macro avg       0.26      0.45      0.19     63011
weighted avg       0.81      0.19      0.20     63011

