       5238       2113       7520       7719       1269      20945       3514        445         13        313
          0         49          0          0          0          0          4          0          0          0
          0        597       1617        840         36        115        322         71          2          0
          2        426        554       1709         50        113        262         28          8          0
          7        112        234        339         54       1004         48          0          2          0
          1         13         31         34         15       1666         31          0          0          4
          0         45         30         59          1         33        242         99          9          9
          0          0         23         12         27        147         68        318          0          0
          0          5         29         34         86        127         13        187         50         69
        121         48         90         52         72        322         57        221         90        727

              precision    recall  f1-score   support

           0       0.98      0.11      0.19     49089
           1       0.01      0.92      0.03        53
           2       0.16      0.45      0.24      3600
           3       0.16      0.54      0.25      3152
           4       0.03      0.03      0.03      1800
           5       0.07      0.93      0.13      1795
           6       0.05      0.46      0.10       527
           7       0.23      0.53      0.32       595
           8       0.29      0.08      0.13       600
           9       0.65      0.40      0.50      1800

    accuracy                           0.19     63011
   macro avg       0.26      0.45      0.19     63011
weighted avg       0.80      0.19      0.20     63011

