       4855       1928       6746       8676       1473      21725       2935        370         10        371
          0         49          0          0          0          0          4          0          0          0
          0        599       1431        965         73        213        274         45          0          0
          2        418        581       1687         66        112        254         24          2          6
         37        120        236        375         50        934         47          1          0          0
         11         17         40         38         39       1606         33          2          0          9
          0         46         28         73          1         51        212         97          1         18
          0          1         17         10         21        179         62        304          0          1
          0          5         18         37         89        135         13        173         34         96
         78         65         57         51         63        378         59        173         55        821

              precision    recall  f1-score   support

           0       0.97      0.10      0.18     49089
           1       0.02      0.92      0.03        53
           2       0.16      0.40      0.22      3600
           3       0.14      0.54      0.22      3152
           4       0.03      0.03      0.03      1800
           5       0.06      0.89      0.12      1795
           6       0.05      0.40      0.10       527
           7       0.26      0.51      0.34       595
           8       0.33      0.06      0.10       600
           9       0.62      0.46      0.53      1800

    accuracy                           0.18     63011
   macro avg       0.26      0.43      0.19     63011
weighted avg       0.80      0.18      0.19     63011

