       4187       1861       6674       8198       1621      21809       3108       1207         14        410
          0         49          0          0          0          0          4          0          0          0
          0        595       1279       1015         95        170        294        151          0          1
          1        405        555       1651         94         69        276         86         12          3
         37        116        200        394         73        899         59         22          0          0
         23          7         32         38         45       1558         45         36          0         11
          0         38         25         64          1         26        220        130          0         23
          0          0         15          7          7        103         45        417          0          1
          0          3          9         26         96        130         12        228          6         90
        101         33         49         48         84        391         75        240          0        779

              precision    recall  f1-score   support

           0       0.96      0.09      0.16     49089
           1       0.02      0.92      0.03        53
           2       0.14      0.36      0.21      3600
           3       0.14      0.52      0.23      3152
           4       0.03      0.04      0.04      1800
           5       0.06      0.87      0.12      1795
           6       0.05      0.42      0.09       527
           7       0.17      0.70      0.27       595
           8       0.19      0.01      0.02       600
           9       0.59      0.43      0.50      1800

    accuracy                           0.16     63011
   macro avg       0.24      0.44      0.17     63011
weighted avg       0.79      0.16      0.17     63011

