       3427       1803       6560       8090       1774      23165       2880        946          9        435
          0         49          0          2          0          0          2          0          0          0
          0        639       1240        962        127        239        296         96          0          1
          1        392        593       1589         92        129        286         56          5          9
         34         97        245        367         69        906         62         19          0          1
          8          2         49         37         60       1557         35         30          1         16
          1         47         20         66          2         60        187        123          1         20
          0          0          7         11         15        173         32        354          0          3
          0          5          8         21         84        153         14        233          9         73
         53         44         39         43         71        452         45        263         13        777

              precision    recall  f1-score   support

           0       0.97      0.07      0.13     49089
           1       0.02      0.92      0.03        53
           2       0.14      0.34      0.20      3600
           3       0.14      0.50      0.22      3152
           4       0.03      0.04      0.03      1800
           5       0.06      0.87      0.11      1795
           6       0.05      0.35      0.09       527
           7       0.17      0.59      0.26       595
           8       0.24      0.01      0.03       600
           9       0.58      0.43      0.50      1800

    accuracy                           0.15     63011
   macro avg       0.24      0.41      0.16     63011
weighted avg       0.80      0.15      0.15     63011

