      15460          0          0          0      20520          0          0          0          0          0
          0          0          0          0          0          0          0          0          0          0
          0          0          0          0          0          0          0          0          0          0
          0          0          0          0          0          0          0          0          0          0
          4          0          0          0        446          0          0          0          0          0
          0          0          0          0          0          0          0          0          0          0
          0          0          0          0          0          0          0          0          0          0
          0          0          0          0          0          0          0          0          0          0
          0          0          0          0          0          0          0          0          0          0
          0          0          0          0          0          0          0          0          0          0

              precision    recall  f1-score   support

           0       1.00      0.43      0.60     35980
           4       0.02      0.99      0.04       450

    accuracy                           0.44     36430
   macro avg       0.51      0.71      0.32     36430
weighted avg       0.99      0.44      0.59     36430

