    7146414    4844572     664436     940595    2730340    2326411    2377252     207277     583018    1227710
       6112      72420       1972       5428       8639       4636       9128        911       1813       4588
     615016     947152     153809     219892     444004     286162     520651      50655     103871     208460
     359680     505060      67118     171011     267781     174622     249121      25370      61734     125788
     277519     379218      48747      93273     234416     123215     157996      15690      45240      82464
     255528     290798      31592      63322     149097     202676     145638      15165      40160      94773
     140497     261682      24233      53520     102575      87447     240416      16184      32214      74201
     133908     207924      24192      47487      92703      82193     160605      15072      32049      63418
     115818     177250      22440      36955      84249      82702     129038      12087      29882      60476
     284679     440866      53596      89752     203799     213596     307339      27435      67007     169843

              precision    recall  f1-score   support

           0       0.77      0.31      0.44  23048025
           1       0.01      0.63      0.02    115647
           2       0.14      0.04      0.07   3549672
           3       0.10      0.09      0.09   2007285
           4       0.05      0.16      0.08   1457778
           5       0.06      0.16      0.08   1288749
           6       0.06      0.23      0.09   1032969
           7       0.04      0.02      0.02    859551
           8       0.03      0.04      0.03    750897
           9       0.08      0.09      0.09   1857912

    accuracy                           0.23  35968485
   macro avg       0.13      0.18      0.10  35968485
weighted avg       0.52      0.23      0.31  35968485

