    5787153    5589253     414000     971352    4192288    1827791    2655847          0    1029300     581041
       5781      73953       2443       4410      11744       5020       9268          0       1574       1454
     520238    1052222      99666     218442     630855     242855     521071          0     171684      92639
     321387     588572      43853     139305     344958     147913     249889          0     102936      68472
     247297     414902      35433      91627     290504      95027     170091          0      69203      43694
     226321     340879      22147      59645     202968     150778     148058          0      87129      50824
     135420     308601      10554      43678     132651      86377     223715          0      61221      30752
     125026     244394      13219      36945     124851      75805     154760          0      53377      31174
     109365     203693      13163      29737     114268      71007     128860          0      51443      29361
     257968     520648      31937      71120     270160     197186     309637          0     125491      73765

              precision    recall  f1-score   support

           0       0.75      0.25      0.38  23048025
           1       0.01      0.64      0.02    115647
           2       0.15      0.03      0.05   3549672
           3       0.08      0.07      0.08   2007285
           4       0.05      0.20      0.07   1457778
           5       0.05      0.12      0.07   1288749
           6       0.05      0.22      0.08   1032969
           7       0.00      0.00      0.00    859551
           8       0.03      0.07      0.04    750897
           9       0.07      0.04      0.05   1857912

    accuracy                           0.19  35968485
   macro avg       0.12      0.16      0.08  35968485
weighted avg       0.51      0.19      0.26  35968485

