    4697735    4921343    2264003    1349295    2690064    2328533    2507751    1702900          0     586401
       5376      65606       5731       5215       8818       4710       9712       8150          0       2329
     409902     892321     406817     266635     394583     306966     453486     322004          0      96958
     260691     485277     212708     167372     223547     190393     232161     174147          0      60989
     201302     338849     162922     112657     191897     131384     155017     127189          0      36561
     163923     287170     113869      74203     133604     188034     166761     112586          0      48599
      95250     263434      80819      53088      90424     110450     202198     101969          0      35337
      90238     205194      78265      44648      80675     105226     138405      89022          0      27878
      82514     173278      69407      37131      73991      91170     120011      74578          0      28817
     192909     436369     167570      90316     174686     240463     297123     179877          0      78599

              precision    recall  f1-score   support

           0       0.76      0.20      0.32  23048025
           1       0.01      0.57      0.02    115647
           2       0.11      0.11      0.11   3549672
           3       0.08      0.08      0.08   2007285
           4       0.05      0.13      0.07   1457778
           5       0.05      0.15      0.08   1288749
           6       0.05      0.20      0.08   1032969
           7       0.03      0.10      0.05    859551
           8       0.00      0.00      0.00    750897
           9       0.08      0.04      0.05   1857912

    accuracy                           0.17  35968485
   macro avg       0.12      0.16      0.09  35968485
weighted avg       0.51      0.17      0.23  35968485

