    6422801    5186302     526803     548190    3171393    2678319    2996107     604499     248170     665441
       7605      70839       1391       4458      11443       5305       9892        454       1371       2889
     562970     979573     105437     157054     535771     366551     604648      80602      60188      96878
     343302     525713      47346     123565     308590     228739     311034      33188      30274      55534
     261656     378072      38777      68400     264848     155748     207507      23375      25780      33615
     241564     300130      21680      54428     169031     221230     187221      23204      16411      53850
     141401     290186      10275      35450     110553     107324     257021      27941      18081      34737
     131663     224645      12614      34524     104652     101078     181695      25753      15537      27390
     113340     191942      12748      26401      95080      98091     151409      20322      13618      27946
     271944     481647      33782      66585     222141     249733     370051      44662      31005      86362

              precision    recall  f1-score   support

           0       0.76      0.28      0.41  23048025
           1       0.01      0.61      0.02    115647
           2       0.13      0.03      0.05   3549672
           3       0.11      0.06      0.08   2007285
           4       0.05      0.18      0.08   1457778
           5       0.05      0.17      0.08   1288749
           6       0.05      0.25      0.08   1032969
           7       0.03      0.03      0.03    859551
           8       0.03      0.02      0.02    750897
           9       0.08      0.05      0.06   1857912

    accuracy                           0.21  35968485
   macro avg       0.13      0.17      0.09  35968485
weighted avg       0.51      0.21      0.28  35968485

