    7332564    5192302     560494     994620    2099654    2239570    2817259     386940     583683     840939
       7593      71774       2540       4765       6909       4688       9265       2353       2379       3381
     684713     970320     128584     224483     338017     304682     543234     101129     123314     131196
     398670     535021      57804     166992     192187     187133     270281      53712      69303      76182
     312933     396823      48647      96131     167210     125212     176104      35866      53144      45708
     279274     317628      28684      69992     103144     191596     161506      30174      43458      63293
     154148     280110      17571      51756      73483      97247     238757      31680      39250      48967
     148013     219576      18380      48184      65184      94273     162341      29065      34167      40368
     133208     186179      17625      37257      58388      89388     133695      24249      31223      39685
     314528     471922      44228      93015     140346     223341     321929      58452      72337     117814

              precision    recall  f1-score   support

           0       0.75      0.32      0.45  23048025
           1       0.01      0.62      0.02    115647
           2       0.14      0.04      0.06   3549672
           3       0.09      0.08      0.09   2007285
           4       0.05      0.11      0.07   1457778
           5       0.05      0.15      0.08   1288749
           6       0.05      0.23      0.08   1032969
           7       0.04      0.03      0.04    859551
           8       0.03      0.04      0.03    750897
           9       0.08      0.06      0.07   1857912

    accuracy                           0.24  35968485
   macro avg       0.13      0.17      0.10  35968485
weighted avg       0.51      0.24      0.31  35968485

