    6049565    5377433    1143549     914553    3292507    2519532    3323285          0     234509     193092
       6279      73872       3917       5503      10149       4824       9673          0       1130        300
     484494    1011200     232402     233322     537293     351913     608865          0      66458      23725
     294336     550321     104172     165544     306089     225712     313897          0      34717      12497
     224175     400667      86850      96133     262767     147960     213252          0      20514       5460
     218183     319422      57701      70658     167025     223895     196176          0      19076      16613
     119393     298106      34256      58331     119390     112314     258364          0      22705      10110
     113958     233933      36092      50131     106751     106938     184693          0      20317       6738
      99635     197947      35339      37536      95329     105384     152924          0      17808       8995
     232137     500026      81916      97136     230053     271096     373893          0      42021      29634

              precision    recall  f1-score   support

           0       0.77      0.26      0.39  23048025
           1       0.01      0.64      0.02    115647
           2       0.13      0.07      0.09   3549672
           3       0.10      0.08      0.09   2007285
           4       0.05      0.18      0.08   1457778
           5       0.06      0.17      0.08   1288749
           6       0.05      0.25      0.08   1032969
           7       0.00      0.00      0.00    859551
           8       0.04      0.02      0.03    750897
           9       0.10      0.02      0.03   1857912

    accuracy                           0.20  35968485
   macro avg       0.13      0.17      0.09  35968485
weighted avg       0.52      0.20      0.28  35968485

