    6583719    4781563     674492    1181286    3324124     840334    2609881     796769          0    2255857
       6961      65633       2768       5271       9892       4453       8374       6331          0       5964
     609446     851467     150932     249612     504690     152442     459715     193129          0     378239
     367992     461386      68737     156983     283346     114109     227041      98880          0     228811
     289519     321993      57721     102961     233459      80776     152533      76189          0     142627
     257177     271467      34808      69654     170729      80223     155096      57327          0     192268
     153417     258293      16307      48956     115661      43840     207570      57264          0     131661
     142507     193270      19522      41474     106465      46415     144638      50363          0     114897
     126098     164924      20350      33780      95071      37026     118426      41725          0     113497
     300117     411527      49574      82758     224144     104281     295222     101554          0     288735

              precision    recall  f1-score   support

           0       0.75      0.29      0.41  23048025
           1       0.01      0.57      0.02    115647
           2       0.14      0.04      0.06   3549672
           3       0.08      0.08      0.08   2007285
           4       0.05      0.16      0.07   1457778
           5       0.05      0.06      0.06   1288749
           6       0.05      0.20      0.08   1032969
           7       0.03      0.06      0.04    859551
           8       0.00      0.00      0.00    750897
           9       0.07      0.16      0.10   1857912

    accuracy                           0.22  35968485
   macro avg       0.12      0.16      0.09  35968485
weighted avg       0.51      0.22      0.29  35968485

