    6900770    4630641     421283     775510    3231379    3277943    2799271     651662     359566          0
       7629      66096       2469       4126      10653       7761      10107       5468       1338          0
     650771     855859     102230     189431     523226     480547     542405     140927      64276          0
     394269     465874      45380     123272     284681     301631     261232      94676      36270          0
     306137     330783      36900      78717     243520     197101     175242      62968      26410          0
     263370     274791      23013      49708     172176     277379     154933      50755      22624          0
     151863     245975      10903      39051     113446     167640     236043      46319      21729          0
     141518     189961      13620      32526     108617     150714     162885      43022      16688          0
     126028     161984      13651      25833      97905     143839     133997      31198      16462          0
     302808     404350      33049      61604     227267     376430     324465      89031      38908          0

              precision    recall  f1-score   support

           0       0.75      0.30      0.43  23048025
           1       0.01      0.57      0.02    115647
           2       0.15      0.03      0.05   3549672
           3       0.09      0.06      0.07   2007285
           4       0.05      0.17      0.08   1457778
           5       0.05      0.22      0.08   1288749
           6       0.05      0.23      0.08   1032969
           7       0.04      0.05      0.04    859551
           8       0.03      0.02      0.02    750897
           9       0.00      0.00      0.00   1857912

    accuracy                           0.22  35968485
   macro avg       0.12      0.16      0.09  35968485
weighted avg       0.50      0.22      0.29  35968485

