    6691070    4720609     372647     825193    2944177    1985703    4510570          0     428731     569325
       6981      66737       1870       3543       8812       7628      18190          0       1284        602
     614597     882223      91861     189361     452818     317582     835228          0      79708      86294
     373457     474824      40734     121907     248572     230595     420417          0      59054      37725
     291156     340986      33164      81818     211830     156759     284834          0      38964      18267
     255723     280622      20187      53983     153475     181820     258177          0      38556      46206
     144807     239663       9380      37451     103656     106001     338312          0      23394      30305
     134745     190440      11678      31809      97781     100606     243671          0      23435      25386
     119920     163607      11399      24832      87306      92590     200059          0      22802      28382
     286592     406164      28910      57939     204404     245536     493667          0      55828      78872

              precision    recall  f1-score   support

           0       0.75      0.29      0.42  23048025
           1       0.01      0.58      0.02    115647
           2       0.15      0.03      0.04   3549672
           3       0.09      0.06      0.07   2007285
           4       0.05      0.15      0.07   1457778
           5       0.05      0.14      0.08   1288749
           6       0.04      0.33      0.08   1032969
           7       0.00      0.00      0.00    859551
           8       0.03      0.03      0.03    750897
           9       0.09      0.04      0.06   1857912

    accuracy                           0.22  35968485
   macro avg       0.13      0.16      0.09  35968485
weighted avg       0.51      0.22      0.29  35968485

