    5964828    5378109    1001495     816998    2922026    2439430    2809779          0     636973    1078387
       5800      73443       3062       4241      10015       4650       8629          0       2225       3582
     496745    1017616     197379     181976     498377     330403     514204          0     135425     177547
     297082     556987      88862     131766     292434     197707     254876          0      81760     105811
     229211     410572      74122      73494     245281     135502     169519          0      54498      65579
     212398     325728      49819      56056     157330     198354     155548          0      47760      85756
     119783     291672      32631      37138     115611      97194     223967          0      49104      65869
     116183     232360      33642      33656     105540      89021     151622          0      40794      56733
     102456     197215      31353      27009      91787      85530     123716          0      36688      55143
     236272     492933      72589      68791     227058     219567     296606          0      87840     156256

              precision    recall  f1-score   support

           0       0.77      0.26      0.39  23048025
           1       0.01      0.64      0.02    115647
           2       0.12      0.06      0.08   3549672
           3       0.09      0.07      0.08   2007285
           4       0.05      0.17      0.08   1457778
           5       0.05      0.15      0.08   1288749
           6       0.05      0.22      0.08   1032969
           7       0.00      0.00      0.00    859551
           8       0.03      0.05      0.04    750897
           9       0.08      0.08      0.08   1857912

    accuracy                           0.20  35968485
   macro avg       0.13      0.17      0.09  35968485
weighted avg       0.52      0.20      0.27  35968485

