    5772549    6647338     735763    1324401    2468487    3468725    2630762          0          0          0
       7737      78727       2557       5577       4789       8051       8209          0          0          0
     586510    1235657     151315     269931     370016     441102     495141          0          0          0
     358641     665201      70460     167984     215808     279983     249208          0          0          0
     284694     486083      57883     111740     164423     190231     162724          0          0          0
     212613     391057      36046      77693     125195     271105     175040          0          0          0
     132687     360819      17101      52000      95765     150791     223806          0          0          0
     122763     286722      20139      43895      85119     140052     160861          0          0          0
     112102     245232      20552      36258      73481     128543     134729          0          0          0
     263720     604505      49831      89216     178571     339803     332266          0          0          0

              precision    recall  f1-score   support

           0       0.73      0.25      0.37  23048025
           1       0.01      0.68      0.01    115647
           2       0.13      0.04      0.06   3549672
           3       0.08      0.08      0.08   2007285
           4       0.04      0.11      0.06   1457778
           5       0.05      0.21      0.08   1288749
           6       0.05      0.22      0.08   1032969
           7       0.00      0.00      0.00    859551
           8       0.00      0.00      0.00    750897
           9       0.00      0.00      0.00   1857912

    accuracy                           0.19  35968485
   macro avg       0.11      0.16      0.08  35968485
weighted avg       0.49      0.19      0.26  35968485

