    8647363    5338072          0          0    1470003          0    1475053    2680928          0    3436606
      17940      67855          0          0       3606          0       1616      14325          0      10305
    1041611    1040246          0          0     207829          0     169629     488937          0     601420
     623022     544777          0          0     119346          0      69340     263897          0     386903
     459115     394663          0          0      99329          0      46092     206378          0     252201
     364622     322284          0          0      72021          0      86151     147008          0     296663
     259868     278380          0          0      51570          0      86972     147422          0     208757
     223805     220509          0          0      43159          0      58610     124818          0     188650
     192257     194308          0          0      39540          0      49897     103453          0     171442
     464120     478488          0          0      94880          0     129614     248285          0     442525

              precision    recall  f1-score   support

           0       0.70      0.38      0.49  23048025
           1       0.01      0.59      0.02    115647
           2       0.00      0.00      0.00   3549672
           3       0.00      0.00      0.00   2007285
           4       0.05      0.07      0.05   1457778
           5       0.00      0.00      0.00   1288749
           6       0.04      0.08      0.05   1032969
           7       0.03      0.15      0.05    859551
           8       0.00      0.00      0.00    750897
           9       0.07      0.24      0.11   1857912

    accuracy                           0.26  35968485
   macro avg       0.09      0.15      0.08  35968485
weighted avg       0.46      0.26      0.32  35968485

