    6922427    5012399     875798     498364    3070983    1673604    3668655          0          0    1325795
       7922      70420       2834       3462      11007       2479      13785          0          0       3738
     636404     934013     176565     150664     512330     233242     689364          0          0     217090
     374402     506852      79659     115718     310515     130022     361209          0          0     128908
     289363     376620      65162      58563     254304      90367     244797          0          0      78602
     256341     307189      47388      52544     166305     137265     214980          0          0     106737
     143259     265613      30506      32861     117363      83765     276693          0          0      82909
     135802     209678      31533      31122     107193      76032     199206          0          0      68985
     120377     181214      29244      27270      91587      66882     166181          0          0      68142
     286719     454755      65521      65056     231830     164214     401147          0          0     188670

              precision    recall  f1-score   support

           0       0.75      0.30      0.43  23048025
           1       0.01      0.61      0.02    115647
           2       0.13      0.05      0.07   3549672
           3       0.11      0.06      0.08   2007285
           4       0.05      0.17      0.08   1457778
           5       0.05      0.11      0.07   1288749
           6       0.04      0.27      0.08   1032969
           7       0.00      0.00      0.00    859551
           8       0.00      0.00      0.00    750897
           9       0.08      0.10      0.09   1857912

    accuracy                           0.23  35968485
   macro avg       0.12      0.17      0.09  35968485
weighted avg       0.51      0.23      0.30  35968485

