    6675844    5284000    1510708    1205679    2062747    1200389    3566622          0          0    1542036
       8617      71142       4391       5088       7271       5331       9032          0          0       4775
     641818    1010604     274917     242606     313211     208650     608547          0          0     249319
     389349     527128     135261     166361     175353     159563     319460          0          0     134810
     301706     389996     107161      97117     153077     110418     221508          0          0      76795
     262319     311760      79276      72407     105826     116570     216631          0          0     123960
     149601     304909      52897      46785      74051      60454     251824          0          0      92448
     139070     233704      53803      41564      65955      63431     189089          0          0      72935
     123427     197734      48592      34300      60454      55247     155120          0          0      76023
     296851     492806     112334      82971     141064     148781     380826          0          0     202279

              precision    recall  f1-score   support

           0       0.74      0.29      0.42  23048025
           1       0.01      0.62      0.02    115647
           2       0.12      0.08      0.09   3549672
           3       0.08      0.08      0.08   2007285
           4       0.05      0.11      0.07   1457778
           5       0.05      0.09      0.07   1288749
           6       0.04      0.24      0.07   1032969
           7       0.00      0.00      0.00    859551
           8       0.00      0.00      0.00    750897
           9       0.08      0.11      0.09   1857912

    accuracy                           0.22  35968485
   macro avg       0.12      0.16      0.09  35968485
weighted avg       0.50      0.22      0.29  35968485

