    6706132    5444322     484859    1084159    2289912    1219005    2710081     810874    2298681          0
       7680      71176       2698       4216       6993       5310       6347       6421       4806          0
     629779    1018710     113782     232998     327955     195075     449584     176547     405242          0
     381107     546183      50499     146309     185195     134783     218803     113410     230996          0
     299149     392791      40966      98516     160652      86368     151360      77111     150865          0
     266168     321268      26078      63367     112983     112524     145317      61983     179061          0
     145310     296252      12484      47199      75929      64966     181664      61747     147418          0
     137456     229746      15222      39850      71035      57717     129773      54909     123843          0
     123040     196828      15356      32303      63160      55283     107162      41120     116645          0
     294000     488918      36709      77550     151021     155653     260010     114280     279771          0

              precision    recall  f1-score   support

           0       0.75      0.29      0.42  23048025
           1       0.01      0.62      0.02    115647
           2       0.14      0.03      0.05   3549672
           3       0.08      0.07      0.08   2007285
           4       0.05      0.11      0.07   1457778
           5       0.05      0.09      0.07   1288749
           6       0.04      0.18      0.07   1032969
           7       0.04      0.06      0.05    859551
           8       0.03      0.16      0.05    750897
           9       0.00      0.00      0.00   1857912

    accuracy                           0.21  35968485
   macro avg       0.12      0.16      0.09  35968485
weighted avg       0.50      0.21      0.29  35968485

