    4618545    5008268      98343    2050196    3574866    2788415    2577682     737975     730294     863441
       5620      67245        392       6737       9223       7218      10222       6297       1692       1001
     433253     919443      18627     354445     569859     342583     454860     186677     136536     133389
     262621     489125       8664     223787     311138     231849     228420      96348      86109      69224
     205256     346598       7170     150679     258954     168322     151968      74973      55505      38353
     160965     285905       4904     104313     178792     206178     157084      54348      63035      73225
     106010     257072       5349      68885     122918     112510     214333      53941      44966      46985
      97243     200933       3914      58357     114707     107547     145259      48905      40643      42043
      86380     172538       3654      48995     104765      91718     119616      39924      39681      43626
     202466     425333       8518     122434     247057     242747     306623      95012      96812     110910

              precision    recall  f1-score   support

           0       0.75      0.20      0.32  23048025
           1       0.01      0.58      0.02    115647
           2       0.12      0.01      0.01   3549672
           3       0.07      0.11      0.09   2007285
           4       0.05      0.18      0.07   1457778
           5       0.05      0.16      0.07   1288749
           6       0.05      0.21      0.08   1032969
           7       0.04      0.06      0.04    859551
           8       0.03      0.05      0.04    750897
           9       0.08      0.06      0.07   1857912

    accuracy                           0.16  35968485
   macro avg       0.12      0.16      0.08  35968485
weighted avg       0.51      0.16      0.22  35968485

