    6798529    7428291          0    1972432    1120469          0    1647287    1718010          0    2363007
       9003      83078          0       6523       2678          0       1474       6563          0       6328
     726708    1381688          0     360031     159494          0     194276     303728          0     423747
     423274     757922          0     220180      95670          0      78918     160347          0     270974
     336497     533076          0     150754      78890          0      50750     131161          0     176650
     271881     445313          0     107802      57661          0     103986      95790          0     206316
     178997     411012          0      68522      40731          0      89979      89500          0     154228
     162601     319697          0      59020      34310          0      64916      79249          0     139758
     147402     272743          0      49930      31523          0      56481      67017          0     125801
     345543     697204          0     122280      75964          0     145941     155265          0     315715

              precision    recall  f1-score   support

           0       0.72      0.29      0.42  23048025
           1       0.01      0.72      0.01    115647
           2       0.00      0.00      0.00   3549672
           3       0.07      0.11      0.09   2007285
           4       0.05      0.05      0.05   1457778
           5       0.00      0.00      0.00   1288749
           6       0.04      0.09      0.05   1032969
           7       0.03      0.09      0.04    859551
           8       0.00      0.00      0.00    750897
           9       0.08      0.17      0.10   1857912

    accuracy                           0.21  35968485
   macro avg       0.10      0.15      0.08  35968485
weighted avg       0.47      0.21      0.28  35968485

