    7091866    4674227     573750    1123505    2389604    2451402    2596685     705583     309964    1131439
       6285      70111       1537       6032       8536       4965      10126       2563       1331       4161
     610792     895575     131093     224754     402603     334021     575159     118543      76453     180679
     362081     470582      51456     189487     240297     207618     280686      63762      34738     106578
     280854     351234      42917     102903     216794     150985     177069      41698      23551      69773
     246448     277033      26938      74217     130730     228347     159002      36689      22072      87273
     138157     252897      19152      56091      83874      96518     260881      38530      22077      64792
     128999     202161      19992      52990      78381      91724     173429      36679      20762      54434
     113477     172496      18882      42931      70675      91913     138951      28462      20488      52622
     280762     424244      43105     106442     173594     231308     332038      68187      45411     152821

              precision    recall  f1-score   support

           0       0.77      0.31      0.44  23048025
           1       0.01      0.61      0.02    115647
           2       0.14      0.04      0.06   3549672
           3       0.10      0.09      0.10   2007285
           4       0.06      0.15      0.08   1457778
           5       0.06      0.18      0.09   1288749
           6       0.06      0.25      0.09   1032969
           7       0.03      0.04      0.04    859551
           8       0.04      0.03      0.03    750897
           9       0.08      0.08      0.08   1857912

    accuracy                           0.23  35968485
   macro avg       0.13      0.18      0.10  35968485
weighted avg       0.52      0.23      0.31  35968485

