    6457759    5360766     438065     694061    3850717    2344674    2488408          0     926565     487010
       6578      71845       2588       3871      12925       6367       7890          0       2671        912
     575196    1002318     104296     177027     641606     322625     474569          0     163839      88196
     347881     558628      46303     116484     361783     204681     225041          0     106552      39932
     270007     390812      37362      73950     301162     137318     154108          0      74361      18698
     241301     326921      23666      45922     207627     193542     138313          0      73553      37904
     133692     301647      11271      37049     142814     116804     201032          0      54687      33973
     126314     236095      13902      30567     132386     103878     141941          0      48603      25865
     113142     196672      14132      24161     118346      93787     115953          0      46197      28507
     267907     502030      33885      57567     281942     246051     276501          0     112054      79975

              precision    recall  f1-score   support

           0       0.76      0.28      0.41  23048025
           1       0.01      0.62      0.02    115647
           2       0.14      0.03      0.05   3549672
           3       0.09      0.06      0.07   2007285
           4       0.05      0.21      0.08   1457778
           5       0.05      0.15      0.08   1288749
           6       0.05      0.19      0.08   1032969
           7       0.00      0.00      0.00    859551
           8       0.03      0.06      0.04    750897
           9       0.10      0.04      0.06   1857912

    accuracy                           0.21  35968485
   macro avg       0.13      0.16      0.09  35968485
weighted avg       0.51      0.21      0.28  35968485

