    6627869    4781352     380644    1487014    2762274    2322080    3234632          0     405573    1046587
       7197      69961       1091       7677       8533       4380      12052          0       1706       3050
     581535     927695      85758     303460     450660     326228     608328          0     107758     158250
     341360     498425      35942     218186     248022     195737     313770          0      60610      95233
     261156     372706      29630     126561     220200     136583     215627          0      38205      57110
     243859     298196      15599      90108     138872     197963     185269          0      34576      84307
     144562     261117       8239      71459      97957      95598     262230          0      36444      55363
     135966     207420      10260      65033      89745      89780     182710          0      32267      46370
     120180     175657       9913      52873      82926      82247     148787          0      28909      49405
     280809     441078      26153     135676     193170     210012     366853          0      66082     138079

              precision    recall  f1-score   support

           0       0.76      0.29      0.42  23048025
           1       0.01      0.60      0.02    115647
           2       0.14      0.02      0.04   3549672
           3       0.09      0.11      0.10   2007285
           4       0.05      0.15      0.08   1457778
           5       0.05      0.15      0.08   1288749
           6       0.05      0.25      0.08   1032969
           7       0.00      0.00      0.00    859551
           8       0.04      0.04      0.04    750897
           9       0.08      0.07      0.08   1857912

    accuracy                           0.22  35968485
   macro avg       0.13      0.17      0.09  35968485
weighted avg       0.51      0.22      0.29  35968485

