    4898020    6111288     833439    1951625    1687927    1075263    3462691    1563694          0    1464078
       5528      73961       3344       6491       3750       5456       4894       6556          0       5667
     436244    1123425     161680     363349     228339     190196     515588     275117          0     255734
     273557     600861      76526     219902     137956     132265     244820     144869          0     176529
     215485     422300      61297     150968     112852      87801     168377     121289          0     117409
     171166     346553      39695     107881      83932      98577     221855      87111          0     131979
      97443     348229      20316      70236      56960      60288     214639      79979          0      84879
      93145     262338      23974      60845      48158      55730     161975      71522          0      81864
      86251     222347      23471      51620      43808      50630     138773      60846          0      73151
     204221     556164      53604     125684     106305     140932     335154     142624          0     193224

              precision    recall  f1-score   support

           0       0.76      0.21      0.33  23048025
           1       0.01      0.64      0.01    115647
           2       0.12      0.05      0.07   3549672
           3       0.07      0.11      0.09   2007285
           4       0.04      0.08      0.06   1457778
           5       0.05      0.08      0.06   1288749
           6       0.04      0.21      0.07   1032969
           7       0.03      0.08      0.04    859551
           8       0.00      0.00      0.00    750897
           9       0.07      0.10      0.09   1857912

    accuracy                           0.17  35968485
   macro avg       0.12      0.16      0.08  35968485
weighted avg       0.51      0.17      0.24  35968485

