    5395906    4810658    1363044    1266579    2766117    2479703    2086094     166985    1629057    1083882
       5663      68741       4109       6586      10571       4348       7147        858       3952       3672
     455225     901053     265026     277093     478742     279419     407012      30147     301314     154641
     279858     489244     129519     202221     279729     156428     195699      13861     172074      88652
     208766     360299      98889     122751     236581     119464     127678      11068     118920      53362
     180014     284374      64155      94947     152955     172449     117927       8018     131156      82754
     103753     263768      50632      63098     109047      80686     191918       8534     102126      59407
     100963     204983      47743      60883      98363      76990     125976       7564      88317      47769
      89606     173683      43613      48536      87329      66113     102639       6395      83530      49453
     208931     433947     104787     125083     211538     173167     242263      13908     199552     144736

              precision    recall  f1-score   support

           0       0.77      0.23      0.36  23048025
           1       0.01      0.59      0.02    115647
           2       0.12      0.07      0.09   3549672
           3       0.09      0.10      0.09   2007285
           4       0.05      0.16      0.08   1457778
           5       0.05      0.13      0.07   1288749
           6       0.05      0.19      0.08   1032969
           7       0.03      0.01      0.01    859551
           8       0.03      0.11      0.05    750897
           9       0.08      0.08      0.08   1857912

    accuracy                           0.19  35968485
   macro avg       0.13      0.17      0.09  35968485
weighted avg       0.52      0.19      0.26  35968485

