    6960255    4872148     323194     380617    2271038    3478793    3895141     532634          0     334205
       8078      69360       1877       3529      10053       6805      11633       3895          0        417
     677746     929723      79925     126002     403323     470855     703687     108051          0      50360
     411593     494959      34781     100318     223511     292970     354679      73104          0      21370
     316221     364714      27991      43947     198012     206553     241758      48937          0       9645
     253786     304639      17030      34832     121698     269412     220505      40873          0      25974
     145633     269384       9207      26358      94603     140345     291545      36504          0      19390
     141718     208503      10657      23574      84896     134470     206819      34293          0      14621
     127567     180170      10363      18217      76844     124836     170274      25383          0      17243
     302189     455133      25881      43491     177608     318134     410096      73983          0      51397

              precision    recall  f1-score   support

           0       0.74      0.30      0.43  23048025
           1       0.01      0.60      0.02    115647
           2       0.15      0.02      0.04   3549672
           3       0.13      0.05      0.07   2007285
           4       0.05      0.14      0.08   1457778
           5       0.05      0.21      0.08   1288749
           6       0.04      0.28      0.08   1032969
           7       0.04      0.04      0.04    859551
           8       0.00      0.00      0.00    750897
           9       0.09      0.03      0.04   1857912

    accuracy                           0.22  35968485
   macro avg       0.13      0.17      0.09  35968485
weighted avg       0.51      0.22      0.29  35968485

