    6215397    5238675     783111    1430800    2134065    2569452    2191650    1889365          0     595510
       8225      68257       3333       5537       8610       4723       6202       8244          0       2516
     632701     938267     158151     285080     344954     343447     400519     347287          0      99266
     390306     517123      74304     177260     187661     210887     201049     186275          0      62420
     301244     356852      60461     119329     165056     144315     137171     135938          0      37412
     234843     302357      39347      78606     112851     207589     139646     124209          0      49301
     140468     298925      19078      56642      76352     125271     166961     112590          0      36682
     133425     221185      23067      47879      69577     117573     120841      97341          0      28663
     119497     187582      23211      39839      63881     104190     101558      81879          0      29260
     289842     473706      53339      97707     147508     271855     247246     196825          0      79884

              precision    recall  f1-score   support

           0       0.73      0.27      0.39  23048025
           1       0.01      0.59      0.02    115647
           2       0.13      0.04      0.07   3549672
           3       0.08      0.09      0.08   2007285
           4       0.05      0.11      0.07   1457778
           5       0.05      0.16      0.08   1288749
           6       0.04      0.16      0.07   1032969
           7       0.03      0.11      0.05    859551
           8       0.00      0.00      0.00    750897
           9       0.08      0.04      0.06   1857912

    accuracy                           0.20  35968485
   macro avg       0.12      0.16      0.09  35968485
weighted avg       0.50      0.20      0.28  35968485

