    7059906    5226567     485964    1164109    2868933    1138086    2546000     768440    1075940     714080
       8519      69580       2778       4441       8961       4971       7044       6280       1674       1399
     684741     977801     113256     243083     454684     178974     409241     171771     202930     113191
     412540     528479      50289     153187     246914     126567     192702     111191     110915      74501
     325310     374963      40841     102785     206390      81704     136008      74464      69189      46124
     280949     308924      26371      65881     151003     106883     139161      59143      90628      59806
     156739     290188      12468      48953     112746      58716     181084      60178      72525      39372
     146851     222920      15424      41705     103087      53066     124094      53518      61133      37753
     130951     190199      15417      34170      92160      50791     102414      39773      59261      35761
     316875     474284      36734      81840     210456     143545     254039     109255     142106      88778

              precision    recall  f1-score   support

           0       0.74      0.31      0.43  23048025
           1       0.01      0.60      0.02    115647
           2       0.14      0.03      0.05   3549672
           3       0.08      0.08      0.08   2007285
           4       0.05      0.14      0.07   1457778
           5       0.06      0.08      0.07   1288749
           6       0.04      0.18      0.07   1032969
           7       0.04      0.06      0.05    859551
           8       0.03      0.08      0.04    750897
           9       0.07      0.05      0.06   1857912

    accuracy                           0.22  35968485
   macro avg       0.13      0.16      0.09  35968485
weighted avg       0.50      0.22      0.30  35968485

