    7009382    5148324     227516     574676    2544605    3840817    2270071     757620          0     675014
       7352      72143       1214       3316       7856       7627       9401       4175          0       2563
     627443     991473      58245     156604     432005     540229     452813     188147          0     102713
     376688     540182      24545     113041     233095     329610     231655     105568          0      52901
     287558     406859      19458      57575     207463     228653     148147      71636          0      30429
     254131     323494      10883      38197     130870     299375     124450      59115          0      48234
     146515     279965       6233      35011      89842     169025     200861      65314          0      40203
     140126     223140       7507      30067      82363     153524     131566      58265          0      32993
     121978     189949       6969      22533      78328     142359     108270      48005          0      32506
     292669     473929      17475      51742     182646     361914     267607     116972          0      92958

              precision    recall  f1-score   support

           0       0.76      0.30      0.43  23048025
           1       0.01      0.62      0.02    115647
           2       0.15      0.02      0.03   3549672
           3       0.10      0.06      0.07   2007285
           4       0.05      0.14      0.08   1457778
           5       0.05      0.23      0.08   1288749
           6       0.05      0.19      0.08   1032969
           7       0.04      0.07      0.05    859551
           8       0.00      0.00      0.00    750897
           9       0.08      0.05      0.06   1857912

    accuracy                           0.23  35968485
   macro avg       0.13      0.17      0.09  35968485
weighted avg       0.52      0.23      0.30  35968485

