    7294262    4625928     535449     908670    2687557    2217489    2464988     635823     519791    1158068
       6402      70770       1838       4152      10543       3549       9450       2134       2124       4685
     603764     883704     134665     186410     489303     271476     536631     125236     103319     215164
     358277     471257      50433     157382     292302     164061     261575      67579      58273     126146
     277295     352492      42446      77490     259597     117482     163552      42337      43500      81587
     251504     280430      28769      62169     157663     207682     142988      37429      32532      87583
     135273     255763      16165      42213     105056      84828     243013      41961      32998      75699
     129037     201304      17705      40344      96993      78579     159874      40632      30678      64405
     113404     171633      17454      33512      87612      79404     127619      32121      28737      59401
     279415     422158      39098      84965     212849     209889     305091      73653      62775     168019

              precision    recall  f1-score   support

           0       0.77      0.32      0.45  23048025
           1       0.01      0.61      0.02    115647
           2       0.15      0.04      0.06   3549672
           3       0.10      0.08      0.09   2007285
           4       0.06      0.18      0.09   1457778
           5       0.06      0.16      0.09   1288749
           6       0.06      0.24      0.09   1032969
           7       0.04      0.05      0.04    859551
           8       0.03      0.04      0.03    750897
           9       0.08      0.09      0.09   1857912

    accuracy                           0.24  35968485
   macro avg       0.14      0.18      0.10  35968485
weighted avg       0.53      0.24      0.31  35968485

