    6895491    5335800     571331    1002511    2238220     682254    2093663    1913267    1792927     522561
       7311      70332       2947       4580       8775       2740       4919       8352       3287       2404
     643033     992823     131462     232131     358659     101196     322621     356977     326023      84747
     387136     535464      59540     144862     202144      70954     157462     208991     185822      54910
     302084     379485      48793      97184     173098      45558     107289     155252     115811      33224
     264570     314082      31383      66469     121507      63916     110252     122550     149657      44363
     148537     299480      14601      45443      85712      34656     145096     111135     117088      31221
     140314     226207      17751      38507      77761      31700     101527     101200      99863      24721
     124170     193997      17968      31470      70787      29730      81432      80762      95668      24913
     300866     486240      43317      75141     163566      84618     202844     201324     231066      68930

              precision    recall  f1-score   support

           0       0.75      0.30      0.43  23048025
           1       0.01      0.61      0.02    115647
           2       0.14      0.04      0.06   3549672
           3       0.08      0.07      0.08   2007285
           4       0.05      0.12      0.07   1457778
           5       0.06      0.05      0.05   1288749
           6       0.04      0.14      0.07   1032969
           7       0.03      0.12      0.05    859551
           8       0.03      0.13      0.05    750897
           9       0.08      0.04      0.05   1857912

    accuracy                           0.22  35968485
   macro avg       0.13      0.16      0.09  35968485
weighted avg       0.51      0.22      0.30  35968485

