    7171932    4858948     443523     855331    1446526    1805264    4694734     613463     631825     526479
       9123      68666       2487       5044       3946       4709      16141       4339        513        679
     701736     928376     104225     206537     215510     224488     880882     126154      91114      70650
     422715     483107      46144     157422     125694     146144     450365      88394      45681      41619
     328507     365410      37095      84531     110242      98970     312267      61058      35987      23711
     274739     291971      23172      68318      68881     146636     286320      50375      31360      46977
     146679     259718      13804      44975      47638      79200     353000      40799      23137      24019
     140373     203718      14949      41342      42882      74173     256380      39967      23365      22402
     125390     175289      14834      35772      39757      66994     217157      29445      20832      25427
     300637     432192      35595      85475      98099     180517     529286      84606      43624      67881

              precision    recall  f1-score   support

           0       0.75      0.31      0.44  23048025
           1       0.01      0.59      0.02    115647
           2       0.14      0.03      0.05   3549672
           3       0.10      0.08      0.09   2007285
           4       0.05      0.08      0.06   1457778
           5       0.05      0.11      0.07   1288749
           6       0.04      0.34      0.08   1032969
           7       0.04      0.05      0.04    859551
           8       0.02      0.03      0.02    750897
           9       0.08      0.04      0.05   1857912

    accuracy                           0.23  35968485
   macro avg       0.13      0.17      0.09  35968485
weighted avg       0.51      0.23      0.30  35968485

