    6183863    5055966    1293104     597239    2455787    2705720    2725601          0    1265574     765171
       7176      70786       3727       4154       9455       6252      10060          0       2844       1193
     574383     959698     241385     163605     427786     328251     512250          0     226069     116245
     356730     515531     122363     118152     238299     198964     252086          0     148380      56780
     270456     377950      94023      58941     211357     143930     172766          0      99758      28597
     208912     306772      72454      49142     130657     201653     150249          0     108220      60690
     124413     285522      37415      31264      98729     113583     214955          0      82149      44939
     117718     222212      38399      27769      89374     102230     152404          0      73914      35531
     105896     186633      34839      22244      80680      87773     125692          0      67934      39206
     248896     469790      85975      54108     192025     230135     303775          0     165714     107494

              precision    recall  f1-score   support

           0       0.75      0.27      0.40  23048025
           1       0.01      0.61      0.02    115647
           2       0.12      0.07      0.09   3549672
           3       0.10      0.06      0.08   2007285
           4       0.05      0.14      0.08   1457778
           5       0.05      0.16      0.07   1288749
           6       0.05      0.21      0.08   1032969
           7       0.00      0.00      0.00    859551
           8       0.03      0.09      0.05    750897
           9       0.09      0.06      0.07   1857912

    accuracy                           0.21  35968485
   macro avg       0.13      0.17      0.09  35968485
weighted avg       0.51      0.21      0.28  35968485

