    6061279    4819578     240177     504878    3132908    2570295    4246937     631804        873     839296
       6910      69632       1233       4559       9615       5552      13843       1955          2       2346
     531708     922356      61290     156861     513056     336545     753842     127487        145     146382
     325114     499480      26741     119456     290239     213036     392949      58273         48      81949
     247095     366769      20920      65551     251524     144822     267807      45012         52      48226
     214976     286669      12051      50983     160794     210695     247975      36706         49      67851
     117007     263969       6896      35277     106299      98895     314437      41411         40      48738
     114411     207798       8120      33915      99032      91929     227089      35349         23      41885
     101877     176529       7631      24476      91777      89213     186378      29551         32      43433
     243793     440389      19179      61609     213010     232098     462780      66689         34     118331

              precision    recall  f1-score   support

           0       0.76      0.26      0.39  23048025
           1       0.01      0.60      0.02    115647
           2       0.15      0.02      0.03   3549672
           3       0.11      0.06      0.08   2007285
           4       0.05      0.17      0.08   1457778
           5       0.05      0.16      0.08   1288749
           6       0.04      0.30      0.08   1032969
           7       0.03      0.04      0.04    859551
           8       0.02      0.00      0.00    750897
           9       0.08      0.06      0.07   1857912

    accuracy                           0.20  35968485
   macro avg       0.13      0.17      0.09  35968485
weighted avg       0.52      0.20      0.27  35968485

