       4201          0          1         46        125        770          7          5          1         13
          0        305          0          1          0          0         19          1          0          1
         17          7       5080        774          3          2         24         82        127        260
        122          2        227       3161         26        293         15         47         67         90
        115          3          7         33       1571         66          3          5          2          7
        272          0          0         63         45       1410          1          0          0          5
          7         51         65         20          5          0        945         35         30         12
          7          1         40         38          1          0         58        625         71         52
          0          0         67         51          1          0         19         92        607         63
        183          1        259        353         88         24         18        120        334       1320

              precision    recall  f1-score   support

           0       0.85      0.81      0.83      5169
           1       0.82      0.93      0.88       327
           2       0.88      0.80      0.84      6376
           3       0.70      0.78      0.74      4050
           4       0.84      0.87      0.85      1812
           5       0.55      0.79      0.65      1796
           6       0.85      0.81      0.83      1170
           7       0.62      0.70      0.66       893
           8       0.49      0.67      0.57       900
           9       0.72      0.49      0.58      2700

    accuracy                           0.76     25193
   macro avg       0.73      0.76      0.74     25193
weighted avg       0.78      0.76      0.76     25193



running time in seconds: 11.945

