       4878          1          3         31         43        174          5          8          1         25
          0        296          5          1          1          0         20          2          1          1
          0          5       6113        150          0          0          6         16         19         67
        101          3        262       3495          4         85         10         16         15         59
        113          4          2         50       1572         41          3          3          3         21
        389          0          2         76         18       1304          0          1          0          6
          3         22         61         14          3          0       1023         31          6          7
          0          1         72         26          4          1         29        694         40         26
          0          0         95         46          2          0          9         62        613         73
         43          0        288        129          9          4         11         45         84       2087

              precision    recall  f1-score   support

           0       0.88      0.94      0.91      5169
           1       0.89      0.91      0.90       327
           2       0.89      0.96      0.92      6376
           3       0.87      0.86      0.87      4050
           4       0.95      0.87      0.91      1812
           5       0.81      0.73      0.77      1796
           6       0.92      0.87      0.90      1170
           7       0.79      0.78      0.78       893
           8       0.78      0.68      0.73       900
           9       0.88      0.77      0.82      2700

    accuracy                           0.88     25193
   macro avg       0.87      0.84      0.85     25193
weighted avg       0.88      0.88      0.87     25193



running time in seconds: 64.230

