       3860          1          1         26        167       1088         11          5          0         10
          0        304          0          2          0          0         18          1          1          1
         18         10       4735        967          6          7         32        121        233        247
        117          3        258       2887         18        456         19         78        134         80
        141          2          1         38       1507         98          4          5          8          8
        239          0          1         33         49       1471          0          2          1          0
          7         55         53         56          5          1        829         66         81         17
          6          1         30         68          2          0         46        522        160         58
          0          0         53         62          1          0         19        113        601         51
        319          2        195        513        133         46         29        185        388        890

              precision    recall  f1-score   support

           0       0.82      0.75      0.78      5169
           1       0.80      0.93      0.86       327
           2       0.89      0.74      0.81      6376
           3       0.62      0.71      0.66      4050
           4       0.80      0.83      0.81      1812
           5       0.46      0.82      0.59      1796
           6       0.82      0.71      0.76      1170
           7       0.48      0.58      0.52       893
           8       0.37      0.67      0.48       900
           9       0.65      0.33      0.44      2700

    accuracy                           0.70     25193
   macro avg       0.67      0.71      0.67     25193
weighted avg       0.73      0.70      0.70     25193



running time in seconds: 10.765

