       4167          0          0         19        128        841          1          1          2         10
          0        313          0          1          0          0         13          0          0          0
         26         36       5280        553         10          1         48         86        136        200
        285          2        540       2802         25        234         12         40         63         47
        118          4          4         40       1563         73          1          1          4          4
        354          0          0         37         32       1372          0          0          0          1
         18         66         38         55         10          3        910         45         20          5
         13          4         59         83          7          1         48        565         94         19
          0          0         69         93          8          0         31        107        565         27
        261          8        354        432        139         38         43        168        252       1005

              precision    recall  f1-score   support

           0       0.79      0.81      0.80      5169
           1       0.72      0.96      0.82       327
           2       0.83      0.83      0.83      6376
           3       0.68      0.69      0.69      4050
           4       0.81      0.86      0.84      1812
           5       0.54      0.76      0.63      1796
           6       0.82      0.78      0.80      1170
           7       0.56      0.63      0.59       893
           8       0.50      0.63      0.56       900
           9       0.76      0.37      0.50      2700

    accuracy                           0.74     25193
   macro avg       0.70      0.73      0.71     25193
weighted avg       0.75      0.74      0.73     25193



running time in seconds: 34.578

