       3501          4          1         11        167       1470          7          3          2          3
          0        303          2          2          0          0         17          0          3          0
         40         17       4340        983         16         12         39        139        468        322
        108          3        177       2686         30        632         25         97        236         56
        124          5          2         21       1471        149          7          6         18          9
        224          0          0         11         31       1528          0          1          0          1
         13         74         53         90          0          5        710        115         93         17
         17          1         28         41          3          1         32        523        202         45
          0          0         33         53          2          0         15        110        652         35
        301          5        173        390        138         95         13        187        662        736

              precision    recall  f1-score   support

           0       0.81      0.68      0.74      5169
           1       0.74      0.93      0.82       327
           2       0.90      0.68      0.78      6376
           3       0.63      0.66      0.64      4050
           4       0.79      0.81      0.80      1812
           5       0.39      0.85      0.54      1796
           6       0.82      0.61      0.70      1170
           7       0.44      0.59      0.50       893
           8       0.28      0.72      0.40       900
           9       0.60      0.27      0.38      2700

    accuracy                           0.65     25193
   macro avg       0.64      0.68      0.63     25193
weighted avg       0.72      0.65      0.66     25193



running time in seconds: 38.869

