       3941          1          0         51        141       1022          4          3          0          6
          0        307          1          1          0          0         16          1          0          1
         33         57       5417        355         14          2         70         79        177        172
        327          6        799       2373         37        239         13         53        147         56
        174          2          3         53       1492         81          1          0          3          3
        454          0          0         54         26       1261          0          0          0          1
         14         87         40         97         13          5        782         49         77          6
         15          5         72         90          8          5         70        447        158         23
          0          5         85         77         19          0         45        111        543         15
        289         11        445        294        177         46         51        262        413        712

              precision    recall  f1-score   support

           0       0.75      0.76      0.76      5169
           1       0.64      0.94      0.76       327
           2       0.79      0.85      0.82      6376
           3       0.69      0.59      0.63      4050
           4       0.77      0.82      0.80      1812
           5       0.47      0.70      0.57      1796
           6       0.74      0.67      0.70      1170
           7       0.44      0.50      0.47       893
           8       0.36      0.60      0.45       900
           9       0.72      0.26      0.39      2700

    accuracy                           0.69     25193
   macro avg       0.64      0.67      0.63     25193
weighted avg       0.70      0.69      0.68     25193



running time in seconds: 27.732

