       3541          0          2         39        162       1370          7          9          0         39
          0        294          5          2          1          0         21          4          0          0
         39         26       4769        609         34         25         56        138        438        242
        162          3        394       2314         39        545         24        100        377         92
        172          3          0         32       1427        144          2          4         14         14
        265          0          0         30         27       1471          0          0          2          1
          9         70         47         76          8          6        735         82        127         10
          9          1         34         54          3          5         56        424        263         44
          4          2         43         64          4          0         23         76        660         24
        290          4        204        372        115         46         35        268        704        662

              precision    recall  f1-score   support

           0       0.79      0.69      0.73      5169
           1       0.73      0.90      0.81       327
           2       0.87      0.75      0.80      6376
           3       0.64      0.57      0.61      4050
           4       0.78      0.79      0.79      1812
           5       0.41      0.82      0.54      1796
           6       0.77      0.63      0.69      1170
           7       0.38      0.47      0.42       893
           8       0.26      0.73      0.38       900
           9       0.59      0.25      0.35      2700

    accuracy                           0.65     25193
   macro avg       0.62      0.66      0.61     25193
weighted avg       0.70      0.65      0.65     25193



running time in seconds: 29.436

