       4843          2          2         34         52        192          4          9          2         29
          0        292          9          1          1          0         21          2          0          1
          2          5       6102        143          1          0          5         22         18         78
        113          3        292       3445          3         90         17         14          9         64
        116          3          3         49       1559         47          2          2          3         28
        432          0          3         66         21       1264          1          1          0          8
          3         22         72         14          3          0       1007         33          7          9
          4          0         76         21          5          1         32        665         46         43
          0          0        101         48          2          0         13         68        592         76
         48          1        319        141         10          3          9         44         88       2037

              precision    recall  f1-score   support

           0       0.87      0.94      0.90      5169
           1       0.89      0.89      0.89       327
           2       0.87      0.96      0.91      6376
           3       0.87      0.85      0.86      4050
           4       0.94      0.86      0.90      1812
           5       0.79      0.70      0.75      1796
           6       0.91      0.86      0.88      1170
           7       0.77      0.74      0.76       893
           8       0.77      0.66      0.71       900
           9       0.86      0.75      0.80      2700

    accuracy                           0.87     25193
   macro avg       0.85      0.82      0.84     25193
weighted avg       0.86      0.87      0.86     25193



running time in seconds: 66.243

