       3566          1          2         24        135       1402          8         11          1         19
          0        285          6          1          0          0         30          2          2          1
        102         16       4052       1012         17         60         59         85        618        355
        208          3        199       2560         24        658         10         87        218         83
        187          2          0         27       1370        185          6          8         21          6
        310          0          1         16         20       1445          0          3          0          1
         18         44         54        137         11          7        616         90        180         13
         10          0         21         91          4          3         37        434        254         39
          3          0         35         81         18          0         27        146        539         51
        440          3        173        455         84         56         23        245        527        694

              precision    recall  f1-score   support

           0       0.74      0.69      0.71      5169
           1       0.81      0.87      0.84       327
           2       0.89      0.64      0.74      6376
           3       0.58      0.63      0.61      4050
           4       0.81      0.76      0.78      1812
           5       0.38      0.80      0.51      1796
           6       0.75      0.53      0.62      1170
           7       0.39      0.49      0.43       893
           8       0.23      0.60      0.33       900
           9       0.55      0.26      0.35      2700

    accuracy                           0.62     25193
   macro avg       0.61      0.63      0.59     25193
weighted avg       0.68      0.62      0.63     25193



running time in seconds: 10.143

