       3876          1          1         42        141       1082          6          7          0         13
          0        304          2          1          0          0         17          2          0          1
         79         33       4824        418         22          9         73        134        428        356
        325          3        447       2300         59        384         17         83        271        161
        192          2          0         30       1440        121          2          4         11         10
        445          0          1         59         33       1258          0          0          0          0
         11         80         40         75         12          5        738         93        111          5
          4          2         37         47          3          4         43        461        257         35
          4          1         39         51         11          0         27        109        634         24
        292          6        208        228        145         82         22        200        637        880

              precision    recall  f1-score   support

           0       0.74      0.75      0.75      5169
           1       0.70      0.93      0.80       327
           2       0.86      0.76      0.81      6376
           3       0.71      0.57      0.63      4050
           4       0.77      0.79      0.78      1812
           5       0.43      0.70      0.53      1796
           6       0.78      0.63      0.70      1170
           7       0.42      0.52      0.46       893
           8       0.27      0.70      0.39       900
           9       0.59      0.33      0.42      2700

    accuracy                           0.66     25193
   macro avg       0.63      0.67      0.63     25193
weighted avg       0.70      0.66      0.67     25193



running time in seconds: 29.970

