       4429          0          0         11        105        595          4          3          0         22
          0        315          0          1          0          0         11          0          0          0
         17          7       5455        552          2          1         20         63         49        210
        260          1        359       3101          8        208         11         33         19         50
        117          1          4         49       1590         38          1          2          1          9
        354          0          1         33         36       1371          1          0          0          0
          9         41         48         32          5          1        996         15         15          8
          6          1         60         77          2          1         56        618         47         25
          1          0         96         90          1          0         23         77        564         48
        158          1        397        339         39          8         27         88        160       1483

              precision    recall  f1-score   support

           0       0.83      0.86      0.84      5169
           1       0.86      0.96      0.91       327
           2       0.85      0.86      0.85      6376
           3       0.72      0.77      0.74      4050
           4       0.89      0.88      0.88      1812
           5       0.62      0.76      0.68      1796
           6       0.87      0.85      0.86      1170
           7       0.69      0.69      0.69       893
           8       0.66      0.63      0.64       900
           9       0.80      0.55      0.65      2700

    accuracy                           0.79     25193
   macro avg       0.78      0.78      0.78     25193
weighted avg       0.79      0.79      0.79     25193



running time in seconds: 11.365

