       5015          0          0         13         14        108          1          2          1         15
          0        322          0          1          0          0          4          0          0          0
          0          4       6192        111          0          0          4          8         19         38
         96          1        149       3696          1         54          3          8         10         32
         68          1          1         31       1669         31          0          4          0          7
        247          0          1         32         22       1493          0          0          0          1
          2         16         30          8          2          0       1090         16          1          5
          1          0         51         24          1          0         23        754         27         12
          0          0         61         27          2          0         10         42        728         30
         18          2        183         86         10          0         11         32         47       2311

              precision    recall  f1-score   support

           0       0.92      0.97      0.94      5169
           1       0.93      0.98      0.96       327
           2       0.93      0.97      0.95      6376
           3       0.92      0.91      0.91      4050
           4       0.97      0.92      0.94      1812
           5       0.89      0.83      0.86      1796
           6       0.95      0.93      0.94      1170
           7       0.87      0.84      0.86       893
           8       0.87      0.81      0.84       900
           9       0.94      0.86      0.90      2700

    accuracy                           0.92     25193
   macro avg       0.92      0.90      0.91     25193
weighted avg       0.92      0.92      0.92     25193



running time in seconds: 36.129

