      67035          0         44        301        609       1040          0          1          4         25
          0         91          0          0          0          0          0          0          0          0
          0          0       3593          0          0          2          0          0          0          0
          0          0          0       3564          1         29          0          0          0          0
          0          0          0          0       2736          7          0          0          0          0
          0          0          0          0          0       1800          0          0          0          0
          0          0          0          0          0          0        589          0          0          0
          0          0          0          0          0          0          0        600          0          0
          0          0          0          0          0          0          0          0        600          0
          0          0          0          0          0          0          0          0          0       1800

              precision    recall  f1-score   support

           0       1.00      0.97      0.99     69059
           1       1.00      1.00      1.00        91
           2       0.99      1.00      0.99      3595
           3       0.92      0.99      0.96      3594
           4       0.82      1.00      0.90      2743
           5       0.63      1.00      0.77      1800
           6       1.00      1.00      1.00       589
           7       1.00      1.00      1.00       600
           8       0.99      1.00      1.00       600
           9       0.99      1.00      0.99      1800

    accuracy                           0.98     84471
   macro avg       0.93      1.00      0.96     84471
weighted avg       0.98      0.98      0.98     84471



running time in seconds: 180.113

