      16961        510      15810       5829         37      17937       1974        394       3203       6404
          0         91          0          0          0          0          0          0          0          0
         33         12       2933         36          0         38         78          7        142        316
         93          4        409        898         20       1207         59          8        264        632
          7          2        137        296         42       1470         30         14        123        622
          0          2         18         69          0       1683         13          3         11          1
          1          0         31          0          0          4        341         70         67         75
          0          0         47          0          0          2         77        301        129         44
          0          0         29          0          0          8         55        111        334         63
         11          3        166         11          0         81         70        293        343        822

              precision    recall  f1-score   support

           0       0.99      0.25      0.39     69059
           1       0.15      1.00      0.25        91
           2       0.15      0.82      0.25      3595
           3       0.13      0.25      0.17      3594
           4       0.42      0.02      0.03      2743
           5       0.08      0.94      0.14      1800
           6       0.13      0.58      0.21       589
           7       0.25      0.50      0.33       600
           8       0.07      0.56      0.13       600
           9       0.09      0.46      0.15      1800

    accuracy                           0.29     84471
   macro avg       0.25      0.54      0.21     84471
weighted avg       0.84      0.29      0.35     84471



running time in seconds: 187.992

