      56331          4       2001       4093       2154       2693        164        121        274       1224
          0         91          0          0          0          0          0          0          0          0
        267          0       3180         81         34          1          3          2          2         25
        108          0         19       2689        437        296          2          3          6         34
         16          0          1        178       2150        361          0          1          4         32
          0          0          0         10         29       1761          0          0          0          0
          2          0          0          0          4          0        556         12          4         11
          0          0          0          0          0          0          1        564         18         17
          1          0          0          1          1          0          2         10        564         21
         47          0          5         42         77          0          0         24         58       1547

              precision    recall  f1-score   support

           0       0.99      0.82      0.90     69059
           1       0.96      1.00      0.98        91
           2       0.61      0.88      0.72      3595
           3       0.38      0.75      0.50      3594
           4       0.44      0.78      0.56      2743
           5       0.34      0.98      0.51      1800
           6       0.76      0.94      0.84       589
           7       0.77      0.94      0.84       600
           8       0.61      0.94      0.74       600
           9       0.53      0.86      0.66      1800

    accuracy                           0.82     84471
   macro avg       0.64      0.89      0.73     84471
weighted avg       0.90      0.82      0.85     84471



running time in seconds: 69.568

