      17898        431      15445       5815         41      18048       1667        356       3057       6301
          0         91          0          0          0          0          0          0          0          0
         31          6       3031         30          0         41         46          5        117        288
         85          4        401       1012         24       1198         49          6        214        601
          7          2        135        305         95       1468         19         13        118        581
          0          0         13         59          0       1709          5          3         10          1
          1          0         24          0          0          4        371         65         60         64
          0          0         39          0          0          1         50        366        103         41
          0          0         27          0          0          6         38         96        371         62
          7          3        162         11          0         79         43        277        334        884

              precision    recall  f1-score   support

           0       0.99      0.26      0.41     69059
           1       0.17      1.00      0.29        91
           2       0.16      0.84      0.27      3595
           3       0.14      0.28      0.19      3594
           4       0.59      0.03      0.07      2743
           5       0.08      0.95      0.14      1800
           6       0.16      0.63      0.26       589
           7       0.31      0.61      0.41       600
           8       0.08      0.62      0.15       600
           9       0.10      0.49      0.17      1800

    accuracy                           0.31     84471
   macro avg       0.28      0.57      0.23     84471
weighted avg       0.85      0.31      0.37     84471



running time in seconds: 910.173

