      52065          3       1364       3582       2335       8067         77         93        294       1179
          0         91          0          0          0          0          0          0          0          0
        290          0       3110         96         61         11          4          0          3         20
        137          0         18       1980        519        911          0          1          8         20
         10          0          2         68       1471       1166          0          0          9         17
          0          0          0          0          9       1791          0          0          0          0
          5          0          0          5          9          0        515         25         11         19
          0          0          0          2          1          0          0        544         23         30
          1          0          0          5          0          0          1         18        551         24
         44          0         10         68        159          2          0         27         98       1392

              precision    recall  f1-score   support

           0       0.99      0.75      0.86     69059
           1       0.97      1.00      0.98        91
           2       0.69      0.87      0.77      3595
           3       0.34      0.55      0.42      3594
           4       0.32      0.54      0.40      2743
           5       0.15      0.99      0.26      1800
           6       0.86      0.87      0.87       589
           7       0.77      0.91      0.83       600
           8       0.55      0.92      0.69       600
           9       0.52      0.77      0.62      1800

    accuracy                           0.75     84471
   macro avg       0.62      0.82      0.67     84471
weighted avg       0.89      0.75      0.80     84471



running time in seconds: 69.278

