      39070         26       5251       7953       1865       8068       1013        475       1872       3466
          0         91          0          0          0          0          0          0          0          0
         32          1       3414         43         14         13          5          2         13         58
         39          0         37       2418        315        532         20          0         57        176
          1          0         32        367       1257        886          4          9         60        127
          0          0          0         72         38       1688          0          0          2          0
          0          0          0          0          0          0        566         15          7          1
          0          0          0          0          0          0          0        589          9          2
          0          0          0          0          0          0          0         39        558          3
          1          0         38         18          6          2          3        180        122       1430

              precision    recall  f1-score   support

           0       1.00      0.57      0.72     69059
           1       0.77      1.00      0.87        91
           2       0.39      0.95      0.55      3595
           3       0.22      0.67      0.33      3594
           4       0.36      0.46      0.40      2743
           5       0.15      0.94      0.26      1800
           6       0.35      0.96      0.51       589
           7       0.45      0.98      0.62       600
           8       0.21      0.93      0.34       600
           9       0.27      0.79      0.40      1800

    accuracy                           0.60     84471
   macro avg       0.42      0.83      0.50     84471
weighted avg       0.87      0.60      0.67     84471



running time in seconds: 171.723

