      52511          0       2606       4915       3038       3031        345        227        535       1851
          0         91          0          0          0          0          0          0          0          0
        397          0       2965        112         47          1          6          6          5         56
        199          0         67       2306        630        282          3          1         24         82
         26          0          6        288       2043        273          2          3         12         90
          1          0          1         35        111       1652          0          0          0          0
         10          0          3          4          5          0        507         30         18         12
          1          0          0          3          4          0         23        493         51         25
          5          0          0          4          5          0          7         28        508         43
         60          0         10         52        131          0         16         47        120       1364

              precision    recall  f1-score   support

           0       0.99      0.76      0.86     69059
           1       1.00      1.00      1.00        91
           2       0.52      0.82      0.64      3595
           3       0.30      0.64      0.41      3594
           4       0.34      0.74      0.47      2743
           5       0.32      0.92      0.47      1800
           6       0.56      0.86      0.68       589
           7       0.59      0.82      0.69       600
           8       0.40      0.85      0.54       600
           9       0.39      0.76      0.51      1800

    accuracy                           0.76     84471
   macro avg       0.54      0.82      0.63     84471
weighted avg       0.88      0.76      0.80     84471



running time in seconds: 62.358

