      58536          3       1888       3685       1798       1745        113         75        147       1069
          0         91          0          0          0          0          0          0          0          0
        210          0       3304         41         18          0          1          1          2         18
        109          0         15       2975        328        142          0          0          3         22
         13          0          7        177       2351        162          0          0          3         30
          4          0          0         12         38       1746          0          0          0          0
          0          0          0          1          0          0        585          3          0          0
          1          0          0          0          0          0          1        586          6          6
          1          0          0          1          0          0          0          4        593          1
         34          0          5         29         37          0          2         22         33       1638

              precision    recall  f1-score   support

           0       0.99      0.85      0.91     69059
           1       0.97      1.00      0.98        91
           2       0.63      0.92      0.75      3595
           3       0.43      0.83      0.57      3594
           4       0.51      0.86      0.64      2743
           5       0.46      0.97      0.62      1800
           6       0.83      0.99      0.91       589
           7       0.85      0.98      0.91       600
           8       0.75      0.99      0.86       600
           9       0.59      0.91      0.71      1800

    accuracy                           0.86     84471
   macro avg       0.70      0.93      0.79     84471
weighted avg       0.91      0.86      0.87     84471



running time in seconds: 78.021

