      48508         12       3156       5793       3571       3786        505        403        910       2415
          0         91          0          0          0          0          0          0          0          0
        322          2       2895        152         74         15         19         11         21         84
        237          0         51       2022        757        381         12          7         37         90
         33          0          5        324       1862        384          4         11         20        100
          2          0          2         44        164       1588          0          0          0          0
          9          0          4          6          4          0        479         52         17         18
          1          0          1          6          4          0         16        473         63         36
          5          0          0          9          8          0          6         47        486         39
         61          0         18         86        183          0         21         74        150       1207

              precision    recall  f1-score   support

           0       0.99      0.70      0.82     69059
           1       0.87      1.00      0.93        91
           2       0.47      0.81      0.60      3595
           3       0.24      0.56      0.34      3594
           4       0.28      0.68      0.40      2743
           5       0.26      0.88      0.40      1800
           6       0.45      0.81      0.58       589
           7       0.44      0.79      0.56       600
           8       0.29      0.81      0.42       600
           9       0.30      0.67      0.42      1800

    accuracy                           0.71     84471
   macro avg       0.46      0.77      0.55     84471
weighted avg       0.87      0.71      0.75     84471



running time in seconds: 25.641

