      48238         14       3219       5837       3603       3828        532        425        929       2434
          0         91          0          0          0          0          0          0          0          0
        313          2       2901        154         74         15         19         11         21         85
        237          0         51       2021        757        382         12          7         37         90
         32          0          5        321       1864        386          4         11         20        100
          2          0          2         42        163       1591          0          0          0          0
          9          0          4          6          4          0        478         52         18         18
          1          0          1          6          4          0         16        473         63         36
          5          0          0          9          8          0          6         47        485         40
         61          0         18         85        184          0         21         74        150       1207

              precision    recall  f1-score   support

           0       0.99      0.70      0.82     69059
           1       0.85      1.00      0.92        91
           2       0.47      0.81      0.59      3595
           3       0.24      0.56      0.33      3594
           4       0.28      0.68      0.40      2743
           5       0.26      0.88      0.40      1800
           6       0.44      0.81      0.57       589
           7       0.43      0.79      0.56       600
           8       0.28      0.81      0.42       600
           9       0.30      0.67      0.42      1800

    accuracy                           0.70     84471
   macro avg       0.45      0.77      0.54     84471
weighted avg       0.87      0.70      0.75     84471



running time in seconds: 25.218

