      56099          4       2177       4310       2235       2407        176        123        280       1248
          0         91          0          0          0          0          0          0          0          0
        271          0       3178         79         33          0          3          2          2         27
        117          0         18       2729        471        209          2          3          5         40
         17          0          1        248       2176        257          0          1          4         39
          1          0          0         20         43       1736          0          0          0          0
          2          0          0          0          3          0        554         14          4         12
          0          0          0          0          0          0          1        565         18         16
          1          0          0          0          1          0          2         10        570         16
         49          0          4         42         80          0          0         30         58       1537

              precision    recall  f1-score   support

           0       0.99      0.81      0.89     69059
           1       0.96      1.00      0.98        91
           2       0.59      0.88      0.71      3595
           3       0.37      0.76      0.50      3594
           4       0.43      0.79      0.56      2743
           5       0.38      0.96      0.54      1800
           6       0.75      0.94      0.83       589
           7       0.76      0.94      0.84       600
           8       0.61      0.95      0.74       600
           9       0.52      0.85      0.65      1800

    accuracy                           0.82     84471
   macro avg       0.64      0.89      0.72     84471
weighted avg       0.90      0.82      0.84     84471



running time in seconds: 70.170

