       9948          0         26         72         10         54          7         12          7         19
          2          5          1          0          0          0          0          0          0          0
        299          2       1379         57          8          3         13         10         10         14
         91          0         49       2244         54         38          0          0          0          4
        125          0         25        191       1743         69          0          0          0         16
         83          0          7        158         82       1465          1          0          0          0
        204          1         60          0          0          0        317          8          3          7
        221          0         45          0          0          0         19        301         10          4
        255          0         62          0          0          0         19         18        229         12
        222          1         53         24         14          1         17         17          6        855

              precision    recall  f1-score   support

           0       0.87      0.98      0.92     10155
           1       0.56      0.62      0.59         8
           2       0.81      0.77      0.79      1795
           3       0.82      0.90      0.86      2480
           4       0.91      0.80      0.85      2169
           5       0.90      0.82      0.86      1796
           6       0.81      0.53      0.64       600
           7       0.82      0.50      0.62       600
           8       0.86      0.38      0.53       595
           9       0.92      0.71      0.80      1210

    accuracy                           0.86     21408
   macro avg       0.83      0.70      0.75     21408
weighted avg       0.86      0.86      0.86     21408



running time in seconds: 28.402

