       6766          0        373        397        384        519        416        399        476        425
          4          4          0          0          0          0          0          0          0          0
        338          2        781        103         41         39        163         95        141         92
         74          0        354       1666        161        216          0          0          0          9
         55          0        159        704       1007        217          5          2          2         18
         41          0        107        384        337        921          5          0          0          1
         97          1        107          2          0          1        240         39         61         52
         93          0         94          0          0          0         97        189         82         45
         94          0         79          1          0          0         84         90        182         65
        142          0         81        195         17          4        111         73         78        509

              precision    recall  f1-score   support

           0       0.88      0.67      0.76     10155
           1       0.57      0.50      0.53         8
           2       0.37      0.44      0.40      1795
           3       0.48      0.67      0.56      2480
           4       0.52      0.46      0.49      2169
           5       0.48      0.51      0.50      1796
           6       0.21      0.40      0.28       600
           7       0.21      0.32      0.25       600
           8       0.18      0.31      0.23       595
           9       0.42      0.42      0.42      1210

    accuracy                           0.57     21408
   macro avg       0.43      0.47      0.44     21408
weighted avg       0.64      0.57      0.59     21408



running time in seconds: 6.839

