       9853          0         25        102         25        110          7          3          4         26
          7          0          0          0          0          0          0          0          0          1
        590          1        969        122         28         19         16         17         13         20
         63          0         36       2201        104         70          0          0          0          6
        110          0         11        254       1667        117          0          0          0         10
         86          0          7        183        174       1344          0          0          0          2
        308          0         60          0          0          0        197         11          8         16
        348          0         51          0          0          0          9        156         27          9
        357          0         64          0          0          0         12         16        112         34
        346          0         43         42         23          4         12         13         21        706

              precision    recall  f1-score   support

           0       0.82      0.97      0.89     10155
           1       0.00      0.00      0.00         8
           2       0.77      0.54      0.63      1795
           3       0.76      0.89      0.82      2480
           4       0.82      0.77      0.80      2169
           5       0.81      0.75      0.78      1796
           6       0.78      0.33      0.46       600
           7       0.72      0.26      0.38       600
           8       0.61      0.19      0.29       595
           9       0.85      0.58      0.69      1210

    accuracy                           0.80     21408
   macro avg       0.69      0.53      0.57     21408
weighted avg       0.80      0.80      0.78     21408



running time in seconds: 44.557

