       7035          0        330        477        269        688        303        425        307        321
          2          3          1          1          0          0          0          0          1          0
        311          3        675        213         69         60        132        119        124         89
         26          0         43       2049        158        202          0          0          0          2
         24          0         22        505       1231        374          0          0          2         11
         12          0         15        345        216       1203          3          0          0          2
        103          0         86          0          0          0        258         54         42         57
        112          0         92          0          0          1         62        235         70         28
        118          0         94          1          0          0         66         99        173         44
        122          0         71        184         51          4         91         66         78        543

              precision    recall  f1-score   support

           0       0.89      0.69      0.78     10155
           1       0.50      0.38      0.43         8
           2       0.47      0.38      0.42      1795
           3       0.54      0.83      0.66      2480
           4       0.62      0.57      0.59      2169
           5       0.48      0.67      0.56      1796
           6       0.28      0.43      0.34       600
           7       0.24      0.39      0.29       600
           8       0.22      0.29      0.25       595
           9       0.49      0.45      0.47      1210

    accuracy                           0.63     21408
   macro avg       0.47      0.51      0.48     21408
weighted avg       0.68      0.63      0.64     21408



running time in seconds: 26.085

