       6956          0        421        558        199        690        288        402        201        440
          5          2          0          0          0          0          0          0          1          0
        321          2        758        150         87         74        110        104         96         93
         15          0        219       1866        142        189          0          0          0         49
         33          0         42        623        895        531          0          2          3         40
         29          0         29        462        199       1073          1          1          0          2
        107          0        106          0          0          0        240         58         25         64
        112          0         81          0          0          0         61        237         79         30
        144          0         90          0          0          0         59         89        155         58
        119          0         77         95         48          1         67         70         60        673

              precision    recall  f1-score   support

           0       0.89      0.68      0.77     10155
           1       0.50      0.25      0.33         8
           2       0.42      0.42      0.42      1795
           3       0.50      0.75      0.60      2480
           4       0.57      0.41      0.48      2169
           5       0.42      0.60      0.49      1796
           6       0.29      0.40      0.34       600
           7       0.25      0.40      0.30       600
           8       0.25      0.26      0.26       595
           9       0.46      0.56      0.51      1210

    accuracy                           0.60     21408
   macro avg       0.45      0.47      0.45     21408
weighted avg       0.65      0.60      0.61     21408



running time in seconds: 8.293

