       6645          0        393        434        389        484        418        381        520        491
          6          2          0          0          0          0          0          0          0          0
        308          2        785         96         46         41        171        100        168         78
         36          0        358       1679        180        217          0          0          0         10
         32          0        158        742       1000        208          1          3          4         21
         44          0        107        401        345        891          3          1          1          3
         95          0        101          0          0          0        243         35         69         57
         83          0         95          0          0          0         82        190        111         39
        109          0         74          1          0          0         67         81        197         66
        113          0         84        204         14          6        112         63         85        529

              precision    recall  f1-score   support

           0       0.89      0.65      0.75     10155
           1       0.50      0.25      0.33         8
           2       0.36      0.44      0.40      1795
           3       0.47      0.68      0.56      2480
           4       0.51      0.46      0.48      2169
           5       0.48      0.50      0.49      1796
           6       0.22      0.41      0.29       600
           7       0.22      0.32      0.26       600
           8       0.17      0.33      0.23       595
           9       0.41      0.44      0.42      1210

    accuracy                           0.57     21408
   macro avg       0.42      0.45      0.42     21408
weighted avg       0.64      0.57      0.59     21408



running time in seconds: 7.090

