       9855          0         31        122         21         86          6          5          5         24
          4          4          0          0          0          0          0          0          0          0
        388          1       1233         94         15          5         11         14         18         16
         59          0         30       2250         84         50          0          0          0          7
         96          0         11        233       1720         93          0          0          0         16
         76          0          2        214        143       1359          1          0          0          1
        250          0         58          0          0          0        262         10          9         11
        279          0         53          0          0          0         13        224         20         11
        291          0         60          0          0          0         18         21        186         19
        250          0         53         37         17          2         25         15         29        782

              precision    recall  f1-score   support

           0       0.85      0.97      0.91     10155
           1       0.80      0.50      0.62         8
           2       0.81      0.69      0.74      1795
           3       0.76      0.91      0.83      2480
           4       0.86      0.79      0.83      2169
           5       0.85      0.76      0.80      1796
           6       0.78      0.44      0.56       600
           7       0.78      0.37      0.50       600
           8       0.70      0.31      0.43       595
           9       0.88      0.65      0.75      1210

    accuracy                           0.83     21408
   macro avg       0.81      0.64      0.70     21408
weighted avg       0.83      0.83      0.82     21408



running time in seconds: 27.776

