       7808          0        395        322        189        347        247        264        176        407
          6          2          0          0          0          0          0          0          0          0
        372          1        852        132         70         47         78         84         75         84
         68          0        225       1842        124        197          0          0          0         24
         59          0         59        544       1224        269          0          1          0         13
         86          0         24        391        381        910          0          0          0          4
        144          0        116          0          0          0        231         32         21         56
        139          0         94          0          0          0         42        244         53         28
        151          0         85          0          0          0         44         86        184         45
        146          0         75         78         58          2         59         48         74        670

              precision    recall  f1-score   support

           0       0.87      0.77      0.82     10155
           1       0.67      0.25      0.36         8
           2       0.44      0.47      0.46      1795
           3       0.56      0.74      0.64      2480
           4       0.60      0.56      0.58      2169
           5       0.51      0.51      0.51      1796
           6       0.33      0.39      0.36       600
           7       0.32      0.41      0.36       600
           8       0.32      0.31      0.31       595
           9       0.50      0.55      0.53      1210

    accuracy                           0.65     21408
   macro avg       0.51      0.50      0.49     21408
weighted avg       0.67      0.65      0.66     21408



running time in seconds: 8.471

