       9811          0         27        136         20        114          8          4          2         33
          6          1          0          1          0          0          0          0          0          0
        661          0        888        134         35         19         13         14         10         21
         75          0         17       2170        121         89          0          0          0          8
        106          0         10        293       1605        140          0          0          0         15
         92          0          5        202        181       1314          0          0          0          2
        357          0         59          0          0          0        144         16          7         17
        395          0         46          0          0          0          7        117         23         12
        392          0         61          1          0          0         13         11         82         35
        378          0         39         46         30          3          9         12         10        683

              precision    recall  f1-score   support

           0       0.80      0.97      0.87     10155
           1       1.00      0.12      0.22         8
           2       0.77      0.49      0.60      1795
           3       0.73      0.88      0.79      2480
           4       0.81      0.74      0.77      2169
           5       0.78      0.73      0.76      1796
           6       0.74      0.24      0.36       600
           7       0.67      0.20      0.30       600
           8       0.61      0.14      0.22       595
           9       0.83      0.56      0.67      1210

    accuracy                           0.79     21408
   macro avg       0.77      0.51      0.56     21408
weighted avg       0.78      0.79      0.76     21408



running time in seconds: 44.183

