       6574          0        408        539        183        695        429        595        458        274
          3          3          0          0          0          0          0          0          1          1
        293          3        618        205         55         61        165        161        156         78
         47          0         76       1936        153        266          0          0          0          2
         38          0         42        558       1038        484          0          1          1          7
         22          0         32        319        217       1201          2          1          0          2
        101          0         84          0          0          0        259         64         50         42
         92          0         48          0          2          0         92        249         87         30
        103          0         78          1          0          0         71        137        172         33
        152          1         62        256         27          6         90         95         94        427

              precision    recall  f1-score   support

           0       0.89      0.65      0.75     10155
           1       0.43      0.38      0.40         8
           2       0.43      0.34      0.38      1795
           3       0.51      0.78      0.62      2480
           4       0.62      0.48      0.54      2169
           5       0.44      0.67      0.53      1796
           6       0.23      0.43      0.30       600
           7       0.19      0.41      0.26       600
           8       0.17      0.29      0.21       595
           9       0.48      0.35      0.41      1210

    accuracy                           0.58     21408
   macro avg       0.44      0.48      0.44     21408
weighted avg       0.66      0.58      0.60     21408



running time in seconds: 19.070

