       7316          0        356        321        301        461        280        354        385        381
          2          6          0          0          0          0          0          0          0          0
        410          1        823         81         61         35        115         80        123         66
         65          0        328       1676        199        193          0          0          0         19
         60          0        145        633       1146        167          0          2          0         16
         65          0         90        402        386        849          0          2          0          2
        133          0        114          0          0          0        232         32         41         48
        131          0         80          0          0          0         85        190         78         36
        131          0         89          0          0          0         52         60        210         53
        188          0         76        138         20          5         77         45         74        587

              precision    recall  f1-score   support

           0       0.86      0.72      0.78     10155
           1       0.86      0.75      0.80         8
           2       0.39      0.46      0.42      1795
           3       0.52      0.68      0.58      2480
           4       0.54      0.53      0.54      2169
           5       0.50      0.47      0.48      1796
           6       0.28      0.39      0.32       600
           7       0.25      0.32      0.28       600
           8       0.23      0.35      0.28       595
           9       0.49      0.49      0.49      1210

    accuracy                           0.61     21408
   macro avg       0.49      0.51      0.50     21408
weighted avg       0.65      0.61      0.62     21408



running time in seconds: 5.797

