       7760          0        321        411        224        566        182        187        118        386
          7          1          0          0          0          0          0          0          0          0
        405          1        856        167         61         53         58         56         52         86
         47          0        106       1972        146        198          1          0          0         10
         53          0         27        547       1079        447          0          0          4         12
         45          0         28        385        277       1060          1          0          0          0
        151          0        121          0          0          0        220         40         25         43
        171          0        105          0          0          0         28        206         57         33
        190          0        106          1          0          0         32         57        158         51
        156          0         88        158         39          2         56         46         52        613

              precision    recall  f1-score   support

           0       0.86      0.76      0.81     10155
           1       0.50      0.12      0.20         8
           2       0.49      0.48      0.48      1795
           3       0.54      0.80      0.64      2480
           4       0.59      0.50      0.54      2169
           5       0.46      0.59      0.51      1796
           6       0.38      0.37      0.37       600
           7       0.35      0.34      0.35       600
           8       0.34      0.27      0.30       595
           9       0.50      0.51      0.50      1210

    accuracy                           0.65     21408
   macro avg       0.50      0.47      0.47     21408
weighted avg       0.67      0.65      0.65     21408



running time in seconds: 10.139

