       9802          0         29        158         13        113          6          5          2         27
          7          0          1          0          0          0          0          0          0          0
        577          1        997        134         22         11         10         13         13         17
         62          0         29       2231        102         49          0          0          0          7
        121          0          8        295       1608        119          0          0          0         18
         78          0          2        246        144       1324          0          0          1          1
        321          0         66          0          0          0        174         12         10         17
        364          0         53          0          0          0          9        140         26          8
        357          0         66          0          0          0         16         13        112         31
        339          0         49         43         20          2         12         11         19        715

              precision    recall  f1-score   support

           0       0.81      0.97      0.88     10155
           1       0.00      0.00      0.00         8
           2       0.77      0.56      0.64      1795
           3       0.72      0.90      0.80      2480
           4       0.84      0.74      0.79      2169
           5       0.82      0.74      0.78      1796
           6       0.77      0.29      0.42       600
           7       0.72      0.23      0.35       600
           8       0.61      0.19      0.29       595
           9       0.85      0.59      0.70      1210

    accuracy                           0.80     21408
   macro avg       0.69      0.52      0.56     21408
weighted avg       0.79      0.80      0.78     21408



running time in seconds: 28.476

