        148          6          6         23         24         10
          6        727        131        138        145         49
          0        108        859        115         67         51
        303      12278       8003      93282      10102      22168
          3        154        116        180       2427         90
         36       4702       2631      10316       4107      23099

              precision    recall  f1-score   support

           0       0.30      0.68      0.42       217
           1       0.04      0.61      0.08      1196
           2       0.07      0.72      0.13      1200
           3       0.90      0.64      0.75    146136
           4       0.14      0.82      0.24      2970
           5       0.51      0.51      0.51     44891

    accuracy                           0.61    196610
   macro avg       0.33      0.66      0.35    196610
weighted avg       0.79      0.61      0.68    196610

