        233         56          6          7        101         13
          7       1296         86         13        102         85
          1         60       1201         82         30         19
         21        136        595       9100        599        960
         23        398        109        260       4638        244
          8        184        160        727        476       4015

              precision    recall  f1-score   support

           0       0.80      0.56      0.66       416
           1       0.61      0.82      0.70      1589
           2       0.56      0.86      0.68      1393
           3       0.89      0.80      0.84     11411
           4       0.78      0.82      0.80      5672
           5       0.75      0.72      0.74      5570

    accuracy                           0.79     26051
   macro avg       0.73      0.76      0.73     26051
weighted avg       0.80      0.79      0.79     26051

