        235         40          9          8        113         11
         10       1235        108         21        135         80
          4        145       1007        147         49         41
         30        245        770       8612        676       1078
         40        571        166        291       4280        324
         14        340        189        834        496       3697

              precision    recall  f1-score   support

           0       0.71      0.56      0.63       416
           1       0.48      0.78      0.59      1589
           2       0.45      0.72      0.55      1393
           3       0.87      0.75      0.81     11411
           4       0.74      0.75      0.75      5672
           5       0.71      0.66      0.68      5570

    accuracy                           0.73     26051
   macro avg       0.66      0.71      0.67     26051
weighted avg       0.76      0.73      0.74     26051

