        250         58         13          8         80          7
         14       1199        165         19        131         61
          5        200        833        253         67         35
         38        491        568       8240        735       1339
         81        872        205        368       3884        262
         15        677        113        831        747       3187

              precision    recall  f1-score   support

           0       0.62      0.60      0.61       416
           1       0.34      0.75      0.47      1589
           2       0.44      0.60      0.51      1393
           3       0.85      0.72      0.78     11411
           4       0.69      0.68      0.69      5672
           5       0.65      0.57      0.61      5570

    accuracy                           0.68     26051
   macro avg       0.60      0.66      0.61     26051
weighted avg       0.71      0.68      0.69     26051

