        365         68         15         18         28         13
          4       1334        458        246        162        183
          2        233       1331        219         94        131
         89       3788       4315      13980       4033       5478
          5        588        274        550       2617        726
          8        634        364       1041       1146       4583

              precision    recall  f1-score   support

           0       0.77      0.72      0.74       507
           1       0.20      0.56      0.30      2387
           2       0.20      0.66      0.30      2010
           3       0.87      0.44      0.59     31683
           4       0.32      0.55      0.41      4760
           5       0.41      0.59      0.49      7776

    accuracy                           0.49     49123
   macro avg       0.46      0.59      0.47     49123
weighted avg       0.68      0.49      0.53     49123

