        238          0          4          1         16          3
          0       1136        170         10         30         26
          1        140       1227         27         77         28
         15        491        790      29069       1210       5010
          5         93        155         93       3519        262
         15        312        292       1043        818       4739

              precision    recall  f1-score   support

           0       0.87      0.91      0.89       262
           1       0.52      0.83      0.64      1372
           2       0.47      0.82      0.59      1500
           3       0.96      0.79      0.87     36585
           4       0.62      0.85      0.72      4127
           5       0.47      0.66      0.55      7219

    accuracy                           0.78     51065
   macro avg       0.65      0.81      0.71     51065
weighted avg       0.84      0.78      0.80     51065

