        238          2          4          0         15          3
          1       1022        269          6         60         14
          1        244       1091         17        103         44
         27       1055       1191      25108       2044       7160
         34        238        263         79       3211        302
         24       1136        722       1051       1073       3213

              precision    recall  f1-score   support

           0       0.73      0.91      0.81       262
           1       0.28      0.74      0.40      1372
           2       0.31      0.73      0.43      1500
           3       0.96      0.69      0.80     36585
           4       0.49      0.78      0.60      4127
           5       0.30      0.45      0.36      7219

    accuracy                           0.66     51065
   macro avg       0.51      0.72      0.57     51065
weighted avg       0.79      0.66      0.70     51065

