        339         25          8          6         34          4
         41       1065        178         25        160        120
         14        159       1020        115         36         49
        560        244       1015       7715        514       1363
        409        637        202        300       3646        478
        182        481        234        679        296       3698

              precision    recall  f1-score   support

           0       0.22      0.81      0.35       416
           1       0.41      0.67      0.51      1589
           2       0.38      0.73      0.50      1393
           3       0.87      0.68      0.76     11411
           4       0.78      0.64      0.70      5672
           5       0.65      0.66      0.66      5570

    accuracy                           0.67     26051
   macro avg       0.55      0.70      0.58     26051
weighted avg       0.74      0.67      0.69     26051



running time in seconds: 10.867

