        361         30          8          7          8          2
         88       1210        168         14         71         38
         42        121       1077        119         11         23
         55        321        948       8776        378        933
        352        916        198        407       3274        525
         86        589        227        781        228       3659

              precision    recall  f1-score   support

           0       0.37      0.87      0.52       416
           1       0.38      0.76      0.51      1589
           2       0.41      0.77      0.54      1393
           3       0.87      0.77      0.82     11411
           4       0.82      0.58      0.68      5672
           5       0.71      0.66      0.68      5570

    accuracy                           0.70     26051
   macro avg       0.59      0.73      0.62     26051
weighted avg       0.76      0.70      0.72     26051



running time in seconds: 12.430

