        311         29         17          5         50          4
         30       1163        134         26        155         81
          1        156       1023        134         43         36
         25        251        698       8866        531       1040
         81        570        143        221       4233        424
         37        426        141        598        304       4064

              precision    recall  f1-score   support

           0       0.64      0.75      0.69       416
           1       0.45      0.73      0.56      1589
           2       0.47      0.73      0.58      1393
           3       0.90      0.78      0.83     11411
           4       0.80      0.75      0.77      5672
           5       0.72      0.73      0.72      5570

    accuracy                           0.75     26051
   macro avg       0.66      0.74      0.69     26051
weighted avg       0.78      0.75      0.76     26051



running time in seconds: 19.879

