        364         16          7          3         23          3
         94       1150        184         13         71         77
         36        158       1036         94         27         42
        112        251        991       8791        395        871
        282        710        156        183       4023        318
         73        451        216        530        340       3960

              precision    recall  f1-score   support

           0       0.38      0.88      0.53       416
           1       0.42      0.72      0.53      1589
           2       0.40      0.74      0.52      1393
           3       0.91      0.77      0.84     11411
           4       0.82      0.71      0.76      5672
           5       0.75      0.71      0.73      5570

    accuracy                           0.74     26051
   macro avg       0.61      0.76      0.65     26051
weighted avg       0.79      0.74      0.76     26051



running time in seconds: 25.055

