        364         14          7          5         24          2
        132       1087        176         16        103         75
         52        151       1030        107         18         35
        144        280       1145       8124        453       1265
        424        677        229        321       3572        449
         78        576        250        681        271       3714

              precision    recall  f1-score   support

           0       0.30      0.88      0.45       416
           1       0.39      0.68      0.50      1589
           2       0.36      0.74      0.49      1393
           3       0.88      0.71      0.79     11411
           4       0.80      0.63      0.71      5672
           5       0.67      0.67      0.67      5570

    accuracy                           0.69     26051
   macro avg       0.57      0.72      0.60     26051
weighted avg       0.75      0.69      0.70     26051



running time in seconds: 10.639

