        367         26         10          3          9          1
        422       1062         82          1         14          8
        152        283        897         56          1          4
        277        780       2050       7851         95        358
        848       1121        293        276       2921        213
        352       1258        371        858        182       2549

              precision    recall  f1-score   support

           0       0.15      0.88      0.26       416
           1       0.23      0.67      0.35      1589
           2       0.24      0.64      0.35      1393
           3       0.87      0.69      0.77     11411
           4       0.91      0.51      0.66      5672
           5       0.81      0.46      0.59      5570

    accuracy                           0.60     26051
   macro avg       0.54      0.64      0.49     26051
weighted avg       0.78      0.60      0.65     26051



running time in seconds: 14.432

