      49089          0          0          0          0          0          0          0          0          0
         31         22          0          0          0          0          0          0          0          0
       3293          0        298          9          0          0          0          0          0          0
       2718          0          0        434          0          0          0          0          0          0
       1800          0          0          0          0          0          0          0          0          0
       1795          0          0          0          0          0          0          0          0          0
        525          0          0          0          0          0          0          0          0          2
        532          0          0          0          0          0          0         63          0          0
        568          0          0          0          0          0          0          0          0         32
       1046          0          0          0          0          0          0          0          0        754

              precision    recall  f1-score   support

           0       0.80      1.00      0.89     49089
           1       1.00      0.42      0.59        53
           2       1.00      0.08      0.15      3600
           3       0.98      0.14      0.24      3152
           4       0.00      0.00      0.00      1800
           5       0.00      0.00      0.00      1795
           6       0.00      0.00      0.00       527
           7       1.00      0.11      0.19       595
           8       0.00      0.00      0.00       600
           9       0.96      0.42      0.58      1800

    accuracy                           0.80     63011
   macro avg       0.57      0.22      0.26     63011
weighted avg       0.77      0.80      0.73     63011



running time in seconds: 3.679

