      49089          0          0          0          0          0          0          0          0          0
         16         37          0          0          0          0          0          0          0          0
       3206          0        384         10          0          0          0          0          0          0
       2369          0          0        783          0          0          0          0          0          0
       1793          0          0          0          7          0          0          0          0          0
       1795          0          0          0          0          0          0          0          0          0
        482          0          0          0          0          0         43          0          0          2
        429          0          0          0          0          0          0        166          0          0
        535          0          0          0          0          0          0          1         29         35
        947          0          0          0          0          0          0          0          0        853

              precision    recall  f1-score   support

           0       0.81      1.00      0.89     49089
           1       1.00      0.70      0.82        53
           2       1.00      0.11      0.19      3600
           3       0.99      0.25      0.40      3152
           4       1.00      0.00      0.01      1800
           5       0.00      0.00      0.00      1795
           6       1.00      0.08      0.15       527
           7       0.99      0.28      0.44       595
           8       1.00      0.05      0.09       600
           9       0.96      0.47      0.63      1800

    accuracy                           0.82     63011
   macro avg       0.87      0.29      0.36     63011
weighted avg       0.82      0.82      0.75     63011



running time in seconds: 0.658

