      49064          0          0         18          0          0          0          0          0          7
         22         31          0          0          0          0          0          0          0          0
       3122          0        416         62          0          0          0          0          0          0
       1982          0          1       1169          0          0          0          0          0          0
       1499          0          0          1        298          2          0          0          0          0
       1709          0          0          0         12         74          0          0          0          0
        430          0          0          1          0          0         61          0          0         35
        301          0          0          0          0          0          0        288          0          6
        317          0          0          1          0          0          0         40        110        132
        909          0          0          0          0          0          0          0          0        891

              precision    recall  f1-score   support

           0       0.83      1.00      0.90     49089
           1       1.00      0.58      0.74        53
           2       1.00      0.12      0.21      3600
           3       0.93      0.37      0.53      3152
           4       0.96      0.17      0.28      1800
           5       0.97      0.04      0.08      1795
           6       1.00      0.12      0.21       527
           7       0.88      0.48      0.62       595
           8       1.00      0.18      0.31       600
           9       0.83      0.49      0.62      1800

    accuracy                           0.83     63011
   macro avg       0.94      0.36      0.45     63011
weighted avg       0.85      0.83      0.78     63011



running time in seconds: 0.958

