      49063          0          0         26          0          0          0          0          0          0
         53          0          0          0          0          0          0          0          0          0
       3292          0        280         28          0          0          0          0          0          0
       2214          0          8        930          0          0          0          0          0          0
       1800          0          0          0          0          0          0          0          0          0
       1795          0          0          0          0          0          0          0          0          0
        526          0          0          1          0          0          0          0          0          0
        595          0          0          0          0          0          0          0          0          0
        590          0          0          0          0          0          0          0          0         10
       1485          0          0          0          0          0          0          0          0        315

              precision    recall  f1-score   support

           0       0.80      1.00      0.89     49089
           1       0.00      0.00      0.00        53
           2       0.97      0.08      0.14      3600
           3       0.94      0.30      0.45      3152
           4       0.00      0.00      0.00      1800
           5       0.00      0.00      0.00      1795
           6       0.00      0.00      0.00       527
           7       0.00      0.00      0.00       595
           8       0.00      0.00      0.00       600
           9       0.97      0.17      0.30      1800

    accuracy                           0.80     63011
   macro avg       0.37      0.15      0.18     63011
weighted avg       0.75      0.80      0.73     63011



running time in seconds: 12.808

