      49089          0          0          0          0          0          0          0          0          0
         47          6          0          0          0          0          0          0          0          0
       3330          0        270          0          0          0          0          0          0          0
       3146          0          0          6          0          0          0          0          0          0
       1800          0          0          0          0          0          0          0          0          0
       1795          0          0          0          0          0          0          0          0          0
        527          0          0          0          0          0          0          0          0          0
        595          0          0          0          0          0          0          0          0          0
        599          0          0          0          0          0          0          0          0          1
       1739          0          0          0          0          0          0          0          0         61

              precision    recall  f1-score   support

           0       0.78      1.00      0.88     49089
           1       1.00      0.11      0.20        53
           2       1.00      0.07      0.14      3600
           3       1.00      0.00      0.00      3152
           4       0.00      0.00      0.00      1800
           5       0.00      0.00      0.00      1795
           6       0.00      0.00      0.00       527
           7       0.00      0.00      0.00       595
           8       0.00      0.00      0.00       600
           9       0.98      0.03      0.07      1800

    accuracy                           0.78     63011
   macro avg       0.48      0.12      0.13     63011
weighted avg       0.75      0.78      0.69     63011



running time in seconds: 7.697

