      49073          0          0         16          0          0          0          0          0          0
         53          0          0          0          0          0          0          0          0          0
       3289          0        279         32          0          0          0          0          0          0
       2225          0         13        914          0          0          0          0          0          0
       1800          0          0          0          0          0          0          0          0          0
       1795          0          0          0          0          0          0          0          0          0
        518          0          0          0          0          0          0          0          0          9
        578          0          0          0          0          0          0         17          0          0
        555          0          0          0          0          0          0         16          0         29
       1310          0          0          0          0          0          0          0          0        490

              precision    recall  f1-score   support

           0       0.80      1.00      0.89     49089
           1       0.00      0.00      0.00        53
           2       0.96      0.08      0.14      3600
           3       0.95      0.29      0.44      3152
           4       0.00      0.00      0.00      1800
           5       0.00      0.00      0.00      1795
           6       0.00      0.00      0.00       527
           7       0.52      0.03      0.05       595
           8       0.00      0.00      0.00       600
           9       0.93      0.27      0.42      1800

    accuracy                           0.81     63011
   macro avg       0.42      0.17      0.20     63011
weighted avg       0.76      0.81      0.74     63011



running time in seconds: 2.645

