      49089          0          0          0          0          0          0          0          0          0
         30         23          0          0          0          0          0          0          0          0
       3277          0        304         19          0          0          0          0          0          0
       2589          0          0        563          0          0          0          0          0          0
       1800          0          0          0          0          0          0          0          0          0
       1795          0          0          0          0          0          0          0          0          0
        527          0          0          0          0          0          0          0          0          0
        536          0          0          0          0          0          0         59          0          0
        589          0          0          0          0          0          0          0          0         11
       1211          0          0          0          0          0          0          0          0        589

              precision    recall  f1-score   support

           0       0.80      1.00      0.89     49089
           1       1.00      0.43      0.61        53
           2       1.00      0.08      0.16      3600
           3       0.97      0.18      0.30      3152
           4       0.00      0.00      0.00      1800
           5       0.00      0.00      0.00      1795
           6       0.00      0.00      0.00       527
           7       1.00      0.10      0.18       595
           8       0.00      0.00      0.00       600
           9       0.98      0.33      0.49      1800

    accuracy                           0.80     63011
   macro avg       0.57      0.21      0.26     63011
weighted avg       0.77      0.80      0.73     63011



running time in seconds: 1.227

