        142          0          0          0          0          0
          0        621         18          0          0          0
          0          0        300          0          0          0
          0        354        282      39020         23        111
          0          0         22          0       2358          0
          0          7        310          1          1       4285

              precision    recall  f1-score   support

           0       1.00      1.00      1.00       142
           1       0.63      0.97      0.77       639
           2       0.32      1.00      0.49       300
           3       1.00      0.98      0.99     39790
           4       0.99      0.99      0.99      2380
           5       0.97      0.93      0.95      4604

    accuracy                           0.98     47855
   macro avg       0.82      0.98      0.86     47855
weighted avg       0.99      0.98      0.98     47855



running time in seconds: 75.541

