        135          0          0          1          5          1
          1        439         45         16         38        100
          0         15        261          0          1         23
         36       1586        436      25462       3156       9114
          1         53         53         43       1781        449
          0        290        210        260        623       3221

              precision    recall  f1-score   support

           0       0.78      0.95      0.86       142
           1       0.18      0.69      0.29       639
           2       0.26      0.87      0.40       300
           3       0.99      0.64      0.78     39790
           4       0.32      0.75      0.45      2380
           5       0.25      0.70      0.37      4604

    accuracy                           0.65     47855
   macro avg       0.46      0.77      0.52     47855
weighted avg       0.87      0.65      0.71     47855



running time in seconds: 24.447

