        142          0          0          0          0          0
          2        488         63         13         25         48
          0          0        300          0          0          0
         11       2816        459      28547       2184       5773
          3         74         57         29       1926        291
          0        517        398        148        511       3030

              precision    recall  f1-score   support

           0       0.90      1.00      0.95       142
           1       0.13      0.76      0.22       639
           2       0.23      1.00      0.38       300
           3       0.99      0.72      0.83     39790
           4       0.41      0.81      0.55      2380
           5       0.33      0.66      0.44      4604

    accuracy                           0.72     47855
   macro avg       0.50      0.82      0.56     47855
weighted avg       0.88      0.72      0.77     47855



running time in seconds: 68.538

