        142          0          0          0          0          0
          2        455        107         14         20         41
          0          5        293          0          0          2
         23       2563        950      28469       2232       5553
          3         89        120         29       1861        278
          0        402        596        179        510       2917

              precision    recall  f1-score   support

           0       0.84      1.00      0.91       142
           1       0.13      0.71      0.22       639
           2       0.14      0.98      0.25       300
           3       0.99      0.72      0.83     39790
           4       0.40      0.78      0.53      2380
           5       0.33      0.63      0.44      4604

    accuracy                           0.71     47855
   macro avg       0.47      0.80      0.53     47855
weighted avg       0.88      0.71      0.77     47855



running time in seconds: 52.600

