        142          0          0          0          0          0
        585         33          3          0          0         18
        172          2        112          0          1         13
      38069          2         29       1595          6         89
       2280          0          1          1         84         14
       4198          6         15         10         13        362

              precision    recall  f1-score   support

           0       0.00      1.00      0.01       142
           1       0.77      0.05      0.10       639
           2       0.70      0.37      0.49       300
           3       0.99      0.04      0.08     39790
           4       0.81      0.04      0.07      2380
           5       0.73      0.08      0.14      4604

    accuracy                           0.05     47855
   macro avg       0.67      0.26      0.15     47855
weighted avg       0.95      0.05      0.09     47855



running time in seconds: 46.411

