        142          0          0          0          0          0
          4        397         66         33         25        114
          0          7        265          1          5         22
         43       1307        482      26842       2530       8586
          2         66         35         54       1720        503
          0        207        281        220        472       3424

              precision    recall  f1-score   support

           0       0.74      1.00      0.85       142
           1       0.20      0.62      0.30       639
           2       0.23      0.88      0.37       300
           3       0.99      0.67      0.80     39790
           4       0.36      0.72      0.48      2380
           5       0.27      0.74      0.40      4604

    accuracy                           0.69     47855
   macro avg       0.47      0.77      0.53     47855
weighted avg       0.87      0.69      0.74     47855



running time in seconds: 45.538

