       5745          1         13         16          5         16         93          6         19          9
          0       6658         28         10          3         14          8         11          5          5
         43         82       5478         48         62          3         42         94         93         13
         12         73         92       5588         10         69         28         66        129         64
          4         65         17          1       5391          2         69         26         16        251
         44         43          8        201         44       4910         94         22         24         31
         40         40          7          6          7         42       5772          0          4          0
          9        146         48          4         40          0          3       5921         14         80
         20        161         67        297         36         79         53         31       5028         79
         41         57         23         91        182         15          8        206         41       5285

              precision    recall  f1-score   support

           0       0.96      0.97      0.97      5923
           1       0.91      0.99      0.95      6742
           2       0.95      0.92      0.93      5958
           3       0.89      0.91      0.90      6131
           4       0.93      0.92      0.93      5842
           5       0.95      0.91      0.93      5421
           6       0.94      0.98      0.95      5918
           7       0.93      0.95      0.94      6265
           8       0.94      0.86      0.90      5851
           9       0.91      0.89      0.90      5949

    accuracy                           0.93     60000
   macro avg       0.93      0.93      0.93     60000
weighted avg       0.93      0.93      0.93     60000

