       5150          0         68         34          3        251        396          1         18          2
          0       6098         43          7          2          3         15         21        547          6
         23          3       4850         60         20         25        510         37        420         10
          6          2        135       4892          5        183        158         19        683         48
          0          9         21          1       3735          9        319        191        150       1407
         17          0         10        829         31       3890        163          6        442         33
         39          2         22         14         12        394       5300          0        135          0
          7         18         38          6        314          8        255       4721        158        740
          5          7         65        391         53        464        258         43       4535         30
          5          4         14         57       1504         59        163        881        100       3162

              precision    recall  f1-score   support

           0       0.98      0.87      0.92      5923
           1       0.99      0.90      0.95      6742
           2       0.92      0.81      0.86      5958
           3       0.78      0.80      0.79      6131
           4       0.66      0.64      0.65      5842
           5       0.74      0.72      0.73      5421
           6       0.70      0.90      0.79      5918
           7       0.80      0.75      0.77      6265
           8       0.63      0.78      0.70      5851
           9       0.58      0.53      0.56      5949

    accuracy                           0.77     60000
   macro avg       0.78      0.77      0.77     60000
weighted avg       0.78      0.77      0.77     60000

