       5412         11        296         12          1        120         48          2         19          2
          0       6518        132         15          6          0          3         17         43          8
         14        108       5512         75         10         10         10         36        177          6
          4        132        232       5115          6        339          6         30        229         38
          2        113        217          3       3806         11         46        317         15       1312
         15         80        141        464         22       4550         24          3         95         27
         49        100        233          3         10        272       5244          1          5          1
         14        124        264          6        158          5          0       5118         28        548
          9        129        202        474         32        441          8         38       4479         39
          6         37        147         94        696         33          3        641         34       4258

              precision    recall  f1-score   support

           0       0.98      0.91      0.95      5923
           1       0.89      0.97      0.92      6742
           2       0.75      0.93      0.83      5958
           3       0.82      0.83      0.83      6131
           4       0.80      0.65      0.72      5842
           5       0.79      0.84      0.81      5421
           6       0.97      0.89      0.93      5918
           7       0.83      0.82      0.82      6265
           8       0.87      0.77      0.82      5851
           9       0.68      0.72      0.70      5949

    accuracy                           0.83     60000
   macro avg       0.84      0.83      0.83     60000
weighted avg       0.84      0.83      0.83     60000

