       5824          0          0          5          0          0          0         94          0          0
         57       5745          0          8          0          0          0        932          0          0
       4491          6          0         39          0          0          0       1422          0          0
       4393          1          0         70          0          0          0       1667          0          0
       2194         10          0         41          0          0          0       3597          0          0
       3475          0          0         66          0          0          0       1880          0          0
       4165          7          0         59          0          0          0       1687          0          0
       1346         23          0         36          0          0          0       4860          0          0
       3374         15          0         73          0          0          0       2389          0          0
       1678         10          0         31          0          0          0       4230          0          0

              precision    recall  f1-score   support

           0       0.19      0.98      0.32      5923
           1       0.99      0.85      0.91      6742
           2       0.00      0.00      0.00      5958
           3       0.16      0.01      0.02      6131
           4       0.00      0.00      0.00      5842
           5       0.00      0.00      0.00      5421
           6       0.00      0.00      0.00      5918
           7       0.21      0.78      0.33      6265
           8       0.00      0.00      0.00      5851
           9       0.00      0.00      0.00      5949

    accuracy                           0.27     60000
   macro avg       0.16      0.26      0.16     60000
weighted avg       0.17      0.27      0.17     60000

