       5757          0         42         12         23         18         50          0         19          2
          7       6524         60         81          8          4         15         19         16          8
         42         27       5647         42         46          5         11         46         84          8
         29         12         97       5430         16        310          5         41        167         24
         42          3         71         58       5044          3         20         30         22        549
         66          9         69        167         35       4909         42          4         99         21
         68         12         56          2         18        102       5647          0         13          0
         65         14        144         34         98          5          0       5316         24        565
         67         26         98        328         17        287         19         16       4963         30
         52          2         45        100        311         35          2         93         57       5252

              precision    recall  f1-score   support

           0       0.93      0.97      0.95      5923
           1       0.98      0.97      0.98      6742
           2       0.89      0.95      0.92      5958
           3       0.87      0.89      0.88      6131
           4       0.90      0.86      0.88      5842
           5       0.86      0.91      0.88      5421
           6       0.97      0.95      0.96      5918
           7       0.96      0.85      0.90      6265
           8       0.91      0.85      0.88      5851
           9       0.81      0.88      0.85      5949

    accuracy                           0.91     60000
   macro avg       0.91      0.91      0.91     60000
weighted avg       0.91      0.91      0.91     60000

