       5402          0        104         26          0        107         45          2        237          0
          0       6148         60         74          5          2          3         29        420          1
         14          1       5358        204         12         11         12         41        302          3
          2          2        135       4985          7        485          6         47        438         24
          3          3         70        136       3488         10         40        681        202       1209
         13          0         20        509         30       4598         18         10        209         14
         35          2         32         79          7        225       5287          0        251          0
         11         12         84         65        279          6          0       5252        260        296
          7          4         60        610         51        615          8         59       4418         19
          5          3         40        126       1162         44          3       1452        140       2974

              precision    recall  f1-score   support

           0       0.98      0.91      0.95      5923
           1       1.00      0.91      0.95      6742
           2       0.90      0.90      0.90      5958
           3       0.73      0.81      0.77      6131
           4       0.69      0.60      0.64      5842
           5       0.75      0.85      0.80      5421
           6       0.98      0.89      0.93      5918
           7       0.69      0.84      0.76      6265
           8       0.64      0.76      0.69      5851
           9       0.66      0.50      0.57      5949

    accuracy                           0.80     60000
   macro avg       0.80      0.80      0.80     60000
weighted avg       0.80      0.80      0.80     60000

