          0          0          0          0          0          0          0       5923          0          0
          0       5772          0          0          0          0          0        970          0          0
          0         15          0          0          0          0          0       5943          0          0
          0         18          0          0          0          0          0       6113          0          0
          0         32          0          0          0          0          0       5810          0          0
          0          1          0          0          0          0          0       5420          0          0
          0         17          0          0          0          0          0       5901          0          0
          0         95          0          0          0          0          0       6170          0          0
          0         53          0          0          0          0          0       5798          0          0
          0         37          0          0          0          0          0       5912          0          0

              precision    recall  f1-score   support

           0       0.00      0.00      0.00      5923
           1       0.96      0.86      0.90      6742
           2       0.00      0.00      0.00      5958
           3       0.00      0.00      0.00      6131
           4       0.00      0.00      0.00      5842
           5       0.00      0.00      0.00      5421
           6       0.00      0.00      0.00      5918
           7       0.11      0.98      0.20      6265
           8       0.00      0.00      0.00      5851
           9       0.00      0.00      0.00      5949

    accuracy                           0.20     60000
   macro avg       0.11      0.18      0.11     60000
weighted avg       0.12      0.20      0.12     60000

