       5891         32          0          0          0          0          0          0          0          0
       3339       3367         35          1          0          0          0          0          0          0
          5       2799       3100         52          1          1          0          0          0          0
          0          4       2686       3403         37          1          0          0          0          0
          0          0          5       2729       3016         92          0          0          0          0
          0          0          0         21       2583       2804         13          0          0          0
          0          0          0          2         54       2934       2922          6          0          0
          0          0          0          0          1         44       3000       3216          4          0
          0          0          0          0          1         15        155       3216       2460          4
          0          0          0          0          0          0          5        156       3196       2592

              precision    recall  f1-score   support

           0       0.64      0.99      0.78      5923
           1       0.54      0.50      0.52      6742
           2       0.53      0.52      0.53      5958
           3       0.55      0.56      0.55      6131
           4       0.53      0.52      0.52      5842
           5       0.48      0.52      0.50      5421
           6       0.48      0.49      0.49      5918
           7       0.49      0.51      0.50      6265
           8       0.43      0.42      0.43      5851
           9       1.00      0.44      0.61      5949

    accuracy                           0.55     60000
   macro avg       0.57      0.55      0.54     60000
weighted avg       0.57      0.55      0.54     60000

