         13      24831      13409       3984      40915       4477       5922       7322      33539      33654
          0        145          0          0          5          0         21         10          5          2
          0        404        965       1579       1677        307        246        441        137        484
          0        692        480       1818       1669        107         89        246         57        160
          0        911        570        226       2039        189        388        279        165        628
          0        353        567         16       1267        176        246        190       1405        912
          0        181          5          3        137          7        170        152        521         24
          0         62         37          1        127         39        113        147        588         86
          0         38          8          1         73         11         47         41        743        178
          0        115         51          2        277         45        127        154       1271        689

              precision    recall  f1-score   support

           0       1.00      0.00      0.00    168066
           1       0.01      0.77      0.01       188
           2       0.06      0.15      0.09      6240
           3       0.24      0.34      0.28      5318
           4       0.04      0.38      0.08      5395
           5       0.03      0.03      0.03      5132
           6       0.02      0.14      0.04      1200
           7       0.02      0.12      0.03      1200
           8       0.02      0.65      0.04      1140
           9       0.02      0.25      0.03      2731

    accuracy                           0.04    196610
   macro avg       0.15      0.28      0.06    196610
weighted avg       0.87      0.04      0.01    196610

