       1630      22403      13790       3751      41820       6764      13681      10729      26740      26758
          1        181          0          0          1          0          1          1          2          1
         17        380       1181       1587       1665        266        516        547         65         16
          1        741        384       1812       1748        144        245        218         20          5
          3        784        498        221       2248        443        696        353        105         44
          5        279        693         18       1199        565        532        288       1169        384
          0        123          0          0        109          0        558        124        265         21
          0         36         16          0        148         17        271        334        365         13
          0         22          4          2         79         23         59        135        678        138
          0         69         49          2        299        100        258        222        786        946

              precision    recall  f1-score   support

           0       0.98      0.01      0.02    168066
           1       0.01      0.96      0.01       188
           2       0.07      0.19      0.10      6240
           3       0.25      0.34      0.29      5318
           4       0.05      0.42      0.08      5395
           5       0.07      0.11      0.08      5132
           6       0.03      0.47      0.06      1200
           7       0.03      0.28      0.05      1200
           8       0.02      0.59      0.04      1140
           9       0.03      0.35      0.06      2731

    accuracy                           0.05    196610
   macro avg       0.15      0.37      0.08    196610
weighted avg       0.85      0.05      0.03    196610

