          0          0          0          0          0          0          0          0          0          0
          0        122         32         14          0          0          9          5          1          0
          0        204       4968       1503          0          0       1088        392        179          5
          0         42        801        870          0          0         16          1          0          9
          0          0          0          0          0          0          0          0          0          0
          0          0          0          0          0          0          0          0          0          0
          0         75       1499        453          0          0       1323        154         81          3
          0        225       1101        628          0          0        732        483        123          0
          0        221        737        958          0          0        800        386        179          8
          0        342       1756       2470          0          0        979        570        257          8

              precision    recall  f1-score   support

           1       0.10      0.67      0.17       183
           2       0.46      0.60      0.52      8339
           3       0.13      0.50      0.20      1739
           6       0.27      0.37      0.31      3588
           7       0.24      0.15      0.18      3292
           8       0.22      0.05      0.09      3289
           9       0.24      0.00      0.00      6382

    accuracy                           0.30     26812
   macro avg       0.24      0.33      0.21     26812
weighted avg       0.30      0.30      0.25     26812

