          0          0          0          0          0          0          0          0          0          0
          0        118         30         14          0          0         12          4          5          0
          0        132       5286       1086          0          0       1103        445        280          7
          0         27        856        820          0          0         24          5          5          2
          0          0          0          0          0          0          0          0          0          0
          0          0          0          0          0          0          0          0          0          0
          0         63       1430        346          0          0       1527        144         77          1
          0        126       1127        548          0          0        736        580        172          3
          0        153        793        895          0          0        742        403        295          8
          0        237       1825       2379          0          0       1023        563        347          8

              precision    recall  f1-score   support

           1       0.14      0.64      0.23       183
           2       0.47      0.63      0.54      8339
           3       0.13      0.47      0.21      1739
           6       0.30      0.43      0.35      3588
           7       0.27      0.18      0.21      3292
           8       0.25      0.09      0.13      3289
           9       0.28      0.00      0.00      6382

    accuracy                           0.32     26812
   macro avg       0.26      0.35      0.24     26812
weighted avg       0.32      0.32      0.27     26812

