        196          4          5          0          8          4
         28        569        411          4         90         94
         18        111        971          0         57         43
       4594      17945      22934      49815       8823      42021
         79        217        295          4       2215        160
        947       4607       8289        970       3779      26299

                precision    recall  f1-score   support

       seizure       0.03      0.90      0.06       217
 pre-ictal-10m       0.02      0.48      0.05      1196
 pre-ictal-20m       0.03      0.81      0.06      1200
    interictal       0.98      0.34      0.51    146132
post-ictal-20m       0.15      0.75      0.25      2970
post-ictal-60m       0.38      0.59      0.46     44891

      accuracy                           0.41    196606
     macro avg       0.27      0.64      0.23    196606
  weighted avg       0.82      0.41      0.49    196606

