        201          2          6          0          4          4
         51        522        400          4         94        125
         27         88        945          1        100         39
       6502      11904      21494      50727      14016      41489
         97        181        261          3       2281        147
       1153       3379       7792       1099       4860      26608

                precision    recall  f1-score   support

       seizure       0.03      0.93      0.05       217
 pre-ictal-10m       0.03      0.44      0.06      1196
 pre-ictal-20m       0.03      0.79      0.06      1200
    interictal       0.98      0.35      0.51    146132
post-ictal-20m       0.11      0.77      0.19      2970
post-ictal-60m       0.39      0.59      0.47     44891

      accuracy                           0.41    196606
     macro avg       0.26      0.64      0.22    196606
  weighted avg       0.82      0.41      0.49    196606

