          0          0          0          0          0          0          0          0          0
       5507        258        281         15        338        104         89        311          0
        196       2985        394         36         14         20         56         98          0
        124        276       2437         94          2         28         53        111          0
          0          0          0        543          0          0          0          0          0
        168          4          6          1       2762        454         25         60          0
         16          6          3          0        118       1966        128         23          0
          9         11         18          2          9        102       1517        128          0
        124         70        130         21         33         30        224       3142          0

              precision    recall  f1-score   support

           0       0.00      0.00      0.00         0
           1       0.00      0.00      0.00       324
           2       0.07      0.04      0.05      6932
           3       0.12      0.10      0.11      3799
           4       0.13      0.03      0.05      3125
           5       0.00      0.00      0.00       543
           6       0.17      0.13      0.15      3497
           7       0.06      0.06      0.06      2260
           8       0.03      0.07      0.05      1796
           9       0.00      0.00      0.00      3775

    accuracy                           0.06     26051
   macro avg       0.06      0.04      0.05     26051
weighted avg       0.08      0.06      0.06     26051



running time in seconds: 21.723

