          0          0          0          0          0          0          0          0          0
       5330        248        507          8        322         81         99        313          0
        118       2844        679         24          9         12         43         70          0
         50        130       2803         62          2         12         16         50          0
          0          1         12        530          0          0          0          0          0
        165         27         16          0       2733        464         17         69          0
         13          6         12          0        125       1936        160          8          0
         11         24         54          7          4         68       1540         88          0
        104         60        200         28         21         20        288       3054          0

              precision    recall  f1-score   support

           0       0.00      0.00      0.00         0
           1       0.00      0.00      0.00       324
           2       0.07      0.04      0.05      6932
           3       0.16      0.18      0.17      3799
           4       0.09      0.02      0.03      3125
           5       0.00      0.00      0.00       543
           6       0.18      0.13      0.15      3497
           7       0.07      0.07      0.07      2260
           8       0.02      0.05      0.03      1796
           9       0.00      0.00      0.00      3775

    accuracy                           0.07     26051
   macro avg       0.06      0.05      0.05     26051
weighted avg       0.09      0.07      0.07     26051



running time in seconds: 16.619

