          0          0          0          0          2          0          0          0          0
       4963        314        366         24        422        190        146        438          0
        326       2566        568         63         30         26         83        136          0
        213        340       2137        134          4         30         84        183          0
          0          2         22        499          0          0          6         14          0
        254         53         20          3       2420        564         59         88          0
         44         20         33          3        186       1668        262         36          0
         33         62         49          7         10        155       1234        246          0
        214         91        107         31         48         59        194       3031          0

              precision    recall  f1-score   support

           0       0.00      0.00      0.00         0
           1       0.00      0.00      0.00       324
           2       0.09      0.05      0.06      6932
           3       0.17      0.15      0.16      3799
           4       0.18      0.04      0.07      3125
           5       0.00      0.00      0.00       543
           6       0.21      0.16      0.18      3497
           7       0.13      0.12      0.12      2260
           8       0.06      0.14      0.08      1796
           9       0.00      0.00      0.00      3775

    accuracy                           0.08     26051
   macro avg       0.08      0.07      0.07     26051
weighted avg       0.11      0.08      0.09     26051



running time in seconds: 15.978

