          0          0          0          0          0          0          0          0          0
       5772        194        270          0        279         68         56        288          0
        209       3084        360         10         10          8         29         89          0
         98        180       2703         20          2          8         20         94          0
          0          1          0        541          0          0          0          1          0
        119         12          3          0       3015        295          7         46          0
          5          2          2          0        119       2040         84          8          0
          9         10         17          1          4         66       1600         89          0
        110         49        111          7         26         18        138       3316          0

              precision    recall  f1-score   support

           0       0.00      0.00      0.00         0
           1       0.00      0.00      0.00       324
           2       0.05      0.03      0.04      6932
           3       0.10      0.09      0.10      3799
           4       0.03      0.01      0.01      3125
           5       0.00      0.00      0.00       543
           6       0.12      0.08      0.10      3497
           7       0.04      0.04      0.04      2260
           8       0.02      0.05      0.03      1796
           9       0.00      0.00      0.00      3775

    accuracy                           0.04     26051
   macro avg       0.04      0.03      0.03     26051
weighted avg       0.06      0.04      0.04     26051



running time in seconds: 21.292

