          0          0          0          0          0          0          0          0          0
       4668        248       1054         19        390         31        112        355          0
         97       2022       1448         70          1          4         87         69          0
          6         38       2933        138          0          4          0          6          0
          0          0         77        466          0          0          0          0          0
        249         75        115          2       2323        536         52        126          0
         43          8        107          1        248       1570        275          8          0
         22         32        218         16         33        145       1214        116          0
        120         45        540         64         21          9        621       2353          0

              precision    recall  f1-score   support

           0       0.00      0.00      0.00         0
           1       0.00      0.00      0.00       324
           2       0.10      0.04      0.05      6932
           3       0.22      0.38      0.28      3799
           4       0.18      0.04      0.07      3125
           5       0.00      0.00      0.00       543
           6       0.23      0.15      0.18      3497
           7       0.12      0.12      0.12      2260
           8       0.04      0.06      0.05      1796
           9       0.00      0.00      0.00      3775

    accuracy                           0.11     26051
   macro avg       0.09      0.08      0.08     26051
weighted avg       0.12      0.11      0.10     26051



running time in seconds: 17.878

