          0          0          0          0          0          0          0          0          0
       5513        258        276         14        339        103         91        309          0
        195       2998        382         35         15         20         56         98          0
        128        275       2431         95          2         28         54        112          0
          0          0          0        543          0          0          0          0          0
        169          4          6          1       2760        455         25         60          0
         16          5          4          0        119       1964        129         23          0
          9         11         17          2          9        101       1518        129          0
        125         71        127         20         34         29        229       3139          0

              precision    recall  f1-score   support

           0       0.00      0.00      0.00         0
           1       0.00      0.00      0.00       324
           2       0.07      0.04      0.05      6932
           3       0.12      0.10      0.11      3799
           4       0.13      0.03      0.05      3125
           5       0.00      0.00      0.00       543
           6       0.17      0.13      0.15      3497
           7       0.06      0.06      0.06      2260
           8       0.03      0.07      0.05      1796
           9       0.00      0.00      0.00      3775

    accuracy                           0.06     26051
   macro avg       0.06      0.04      0.05     26051
weighted avg       0.08      0.06      0.06     26051



running time in seconds: 21.277

