         18          5         14          6         63          0          1          0          0
       1793        944       1270        272       2223         12        182        175          0
        176       1599       1664        298         36          0         14         10          0
          0         96       2705        323          1          0          0          0          0
          1         15        287        240          0          0          0          0          0
        209        199        216         81       2647         87         15          8          0
        107        127        226        208       1054        191        295         45          0
        138        186        274        115        275         36        568        198          0
        211        184        631        292        920          0        310       1224          0

              precision    recall  f1-score   support

           0       0.00      0.00      0.00         0
           1       0.01      0.06      0.01       324
           2       0.28      0.14      0.18      6932
           3       0.23      0.44      0.30      3799
           4       0.18      0.10      0.13      3125
           5       0.00      0.00      0.00       543
           6       0.27      0.02      0.05      3497
           7       0.21      0.13      0.16      2260
           8       0.12      0.11      0.11      1796
           9       0.00      0.00      0.00      3775

    accuracy                           0.14     26051
   macro avg       0.13      0.10      0.09     26051
weighted avg       0.19      0.14      0.14     26051



running time in seconds: 33.581

