          0          0          0          0          0          1          0          0          0
       4669        343        408         56        521        210        175        458          0
        318       2477        561         91         44         35        107        165          0
        215        354       1958        243         16         40        123        176          0
          2          6         30        488          0          0          5         12          0
        208         56         22          4       2423        531         75         87          0
         43         21         28          6        266       1603        252         29          0
         34         38         52         19         12        191       1259        191          0
        255        111        125         81         54         58        317       2771          0

              precision    recall  f1-score   support

           0       0.00      0.00      0.00         0
           1       0.00      0.00      0.00       324
           2       0.10      0.05      0.07      6932
           3       0.18      0.15      0.16      3799
           4       0.25      0.08      0.12      3125
           5       0.00      0.00      0.00       543
           6       0.20      0.15      0.17      3497
           7       0.11      0.11      0.11      2260
           8       0.05      0.11      0.07      1796
           9       0.00      0.00      0.00      3775

    accuracy                           0.08     26051
   macro avg       0.09      0.06      0.07     26051
weighted avg       0.12      0.08      0.09     26051



running time in seconds: 18.710

