         12          9          5          2          0          0          0          0          0
       4184        477        720        546         26          5          9        131          0
       1204        902        801        812          0          0         13         20          0
        103        152       1093       1750          0          0          0          2          0
         26          4         27        485          0          0          0          0          0
        896        170        159         42        219        100         13         18          0
        548         99        101        262         17        282         19         41          0
        680        111         82        239          3         77         74        388          0
       1336        127        138        713          0          0         16       1254          0

              precision    recall  f1-score   support

           0       0.00      0.00      0.00         0
           1       0.00      0.04      0.00       324
           2       0.23      0.07      0.11      6932
           3       0.26      0.21      0.23      3799
           4       0.36      0.56      0.44      3125
           5       0.00      0.00      0.00       543
           6       0.22      0.03      0.05      3497
           7       0.13      0.01      0.02      2260
           8       0.21      0.22      0.21      1796
           9       0.00      0.00      0.00      3775

    accuracy                           0.14     26051
   macro avg       0.14      0.11      0.11     26051
weighted avg       0.20      0.14      0.14     26051



running time in seconds: 15.601

