          5       6228       2255       7564       5986         88      10135         61         52          0
          0        119          0          0          0          0          0          0          0          0
          0         30        451        866       1126          3        490          5          1          0
          0          0          0       1488        302          0          5          0          0          0
          0         12         37        654       1055         12         22          1          3          0
          0        179         61        480        498         17        532         13         15          0
          0        236         13        322          2          2        608         14          3          0
          0        220         20        648         46          2        256          8          0          0
          0        276         28        422        106          1        354          2          6          0
          0        452        231       1232        754          3        708         18         11          0

              precision    recall  f1-score   support

           0       1.00      0.00      0.00     32374
           1       0.02      1.00      0.03       119
           2       0.15      0.15      0.15      2972
           3       0.11      0.83      0.19      1795
           4       0.11      0.59      0.18      1796
           5       0.13      0.01      0.02      1795
           6       0.05      0.51      0.08      1200
           7       0.07      0.01      0.01      1200
           8       0.07      0.01      0.01      1195
           9       0.00      0.00      0.00      3409

    accuracy                           0.08     47855
   macro avg       0.17      0.31      0.07     47855
weighted avg       0.70      0.08      0.03     47855

