         58       5179       2806       7070       6122        184      10525        328         95          7
          0        117          0          0          0          0          2          0          0          0
          3         18        628        616       1236          7        412         39          1         12
          0          0          2       1393        390          0          4          6          0          0
          0          9         58        528       1139         24         29          8          1          0
          1         87         87        390        522         24        602         70         12          0
          0        121         39        234          3          7        712         81          3          0
          0        192         60        581         35          2        272         58          0          0
          1        227         81        314        111          2        419         24          5         11
          1        330        473        897        707         11        825        146         11          8

              precision    recall  f1-score   support

           0       0.91      0.00      0.00     32374
           1       0.02      0.98      0.04       119
           2       0.15      0.21      0.17      2972
           3       0.12      0.78      0.20      1795
           4       0.11      0.63      0.19      1796
           5       0.09      0.01      0.02      1795
           6       0.05      0.59      0.09      1200
           7       0.08      0.05      0.06      1200
           8       0.04      0.00      0.01      1195
           9       0.21      0.00      0.00      3409

    accuracy                           0.09     47855
   macro avg       0.18      0.33      0.08     47855
weighted avg       0.65      0.09      0.03     47855

