        262       5852       2730       6403       5706        832       9963        535         75         16
          0        117          0          0          0          0          2          0          0          0
         19         24        743        545       1127         14        395         46          2         57
          0          0          6       1331        445          0          5          8          0          0
          0         11         95        409       1184         37         37         21          1          1
          0        102         61        335        508         61        623         90         11          4
          1        136         24        194          1          1        739         91          2         11
          0        199         56        514         44          1        276         98          0         12
          0        229         68        271        121          4        434         32          5         31
          0        363        433        736        688         70        827        187          7         98

              precision    recall  f1-score   support

           0       0.93      0.01      0.02     32374
           1       0.02      0.98      0.03       119
           2       0.18      0.25      0.21      2972
           3       0.12      0.74      0.21      1795
           4       0.12      0.66      0.20      1796
           5       0.06      0.03      0.04      1795
           6       0.06      0.62      0.10      1200
           7       0.09      0.08      0.08      1200
           8       0.05      0.00      0.01      1195
           9       0.43      0.03      0.05      3409

    accuracy                           0.10     47855
   macro avg       0.20      0.34      0.10     47855
weighted avg       0.69      0.10      0.05     47855

