       1018       6037       2039       5675       6114       1021       9784        593         10         83
          0        117          0          0          0          0          2          0          0          0
         38         33        629        365       1238         21        381         30          1        236
          0          0          5       1283        495          0          5          7          0          0
          0          8        138        341       1203         43         38         21          0          4
          0         93         32        269        533         86        639        113          3         27
          2        104         10         62          1          4        832        137          0         48
          0        197         33        322         60          4        296        240          1         47
          2        235         47        179        153         11        445         44          2         77
          6        341        203        504        719         97        853        230          3        453

              precision    recall  f1-score   support

           0       0.95      0.03      0.06     32374
           1       0.02      0.98      0.03       119
           2       0.20      0.21      0.21      2972
           3       0.14      0.71      0.24      1795
           4       0.11      0.67      0.20      1796
           5       0.07      0.05      0.06      1795
           6       0.06      0.69      0.11      1200
           7       0.17      0.20      0.18      1200
           8       0.10      0.00      0.00      1195
           9       0.46      0.13      0.21      3409

    accuracy                           0.12     47855
   macro avg       0.23      0.37      0.13     47855
weighted avg       0.71      0.12      0.09     47855

