      43130          0          0          0          0          0          0          0          0          0
          0          0          0          0          0          0          0          0          0          0
          0          0          0          0          0          0          0          0          0          0
          0          0          0          0          0          0          0          0          0          0
          0          0          0          0          0          0          0          0          0          0
        191          0          0          0          0        290          0          0          0          0
          0          0          0          0          0          0          0          0          0          0
          0          0          0          0          0          0          0          0          0          0
          0          0          0          0          0          0          0          0          0          0
          0          0          0          0          0          0          0          0          0          0

              precision    recall  f1-score   support

           0       1.00      1.00      1.00     43130
           5       1.00      0.60      0.75       481

    accuracy                           1.00     43611
   macro avg       1.00      0.80      0.88     43611
weighted avg       1.00      1.00      1.00     43611



running time in seconds: 2.165

