      43130          0          0          0          0          0          0          0          0          0
          0          0          0          0          0          0          0          0          0          0
          0          0          0          0          0          0          0          0          0          0
          0          0          0          0          0          0          0          0          0          0
          0          0          0          0          0          0          0          0          0          0
        466          0          0          0          0         15          0          0          0          0
          0          0          0          0          0          0          0          0          0          0
          0          0          0          0          0          0          0          0          0          0
          0          0          0          0          0          0          0          0          0          0
          0          0          0          0          0          0          0          0          0          0

              precision    recall  f1-score   support

           0       0.99      1.00      0.99     43130
           5       1.00      0.03      0.06       481

    accuracy                           0.99     43611
   macro avg       0.99      0.52      0.53     43611
weighted avg       0.99      0.99      0.98     43611



running time in seconds: 6.229

