      43130          0          0          0          0          0          0          0          0          0
          0          0          0          0          0          0          0          0          0          0
          0          0          0          0          0          0          0          0          0          0
          0          0          0          0          0          0          0          0          0          0
          0          0          0          0          0          0          0          0          0          0
        394          0          0          0          0         87          0          0          0          0
          0          0          0          0          0          0          0          0          0          0
          0          0          0          0          0          0          0          0          0          0
          0          0          0          0          0          0          0          0          0          0
          0          0          0          0          0          0          0          0          0          0

              precision    recall  f1-score   support

           0       0.99      1.00      1.00     43130
           5       1.00      0.18      0.31       481

    accuracy                           0.99     43611
   macro avg       1.00      0.59      0.65     43611
weighted avg       0.99      0.99      0.99     43611



running time in seconds: 3.385

