      43130          0          0          0          0          0          0          0          0          0
          0          0          0          0          0          0          0          0          0          0
          0          0          0          0          0          0          0          0          0          0
          0          0          0          0          0          0          0          0          0          0
          0          0          0          0          0          0          0          0          0          0
         22          0          0          0          0        459          0          0          0          0
          0          0          0          0          0          0          0          0          0          0
          0          0          0          0          0          0          0          0          0          0
          0          0          0          0          0          0          0          0          0          0
          0          0          0          0          0          0          0          0          0          0

              precision    recall  f1-score   support

           0       1.00      1.00      1.00     43130
           5       1.00      0.95      0.98       481

    accuracy                           1.00     43611
   macro avg       1.00      0.98      0.99     43611
weighted avg       1.00      1.00      1.00     43611



running time in seconds: 0.405

