         19          0          0          0          0          0
          1        272          5         15          0          6
          1         18        265          9          1          6
          4        603        744      15943        110        391
         10        159        266        553        115         87
         11        135        280        920         37        422

              precision    recall  f1-score   support

           0       0.41      1.00      0.58        19
           1       0.23      0.91      0.37       299
           2       0.17      0.88      0.28       300
           3       0.91      0.90      0.90     17795
           4       0.44      0.10      0.16      1190
           5       0.46      0.23      0.31      1805

    accuracy                           0.80     21408
   macro avg       0.44      0.67      0.43     21408
weighted avg       0.83      0.80      0.80     21408



running time in seconds: 27.369

