          4          0          0         13          2          0
          1         92         14        171         10         11
          1          9        126        144         10         10
          0          6         18      17669         27         75
          0         11         27        635        424         93
          0          6         24        745         57        973

              precision    recall  f1-score   support

           0       0.67      0.21      0.32        19
           1       0.74      0.31      0.43       299
           2       0.60      0.42      0.50       300
           3       0.91      0.99      0.95     17795
           4       0.80      0.36      0.49      1190
           5       0.84      0.54      0.66      1805

    accuracy                           0.90     21408
   macro avg       0.76      0.47      0.56     21408
weighted avg       0.89      0.90      0.89     21408



running time in seconds: 15.626

