         14          0          0          2          1          2
          3         13         20        167         48         48
          1          4         28        130         47         90
          9         30        100      16450        435        771
          9          6         22        530        279        344
         12          5         28        961        158        641

              precision    recall  f1-score   support

           0       0.29      0.74      0.42        19
           1       0.22      0.04      0.07       299
           2       0.14      0.09      0.11       300
           3       0.90      0.92      0.91     17795
           4       0.29      0.23      0.26      1190
           5       0.34      0.36      0.35      1805

    accuracy                           0.81     21408
   macro avg       0.36      0.40      0.35     21408
weighted avg       0.80      0.81      0.81     21408



running time in seconds: 14.013

