         13          1          0          4          1          0
          2        219         41         32          5          0
          1         24        256         14          2          3
         10       1117       1625      14570        134        339
          3        210        479        303        100         95
         13        206        559        725         58        244

              precision    recall  f1-score   support

           0       0.31      0.68      0.43        19
           1       0.12      0.73      0.21       299
           2       0.09      0.85      0.16       300
           3       0.93      0.82      0.87     17795
           4       0.33      0.08      0.13      1190
           5       0.36      0.14      0.20      1805

    accuracy                           0.72     21408
   macro avg       0.36      0.55      0.33     21408
weighted avg       0.83      0.72      0.75     21408



running time in seconds: 20.750

