         13          0          1          3          1          1
          1        196         62         32          6          2
          1         26        254         14          2          3
          7       1428       2178      13863        110        209
          3        214        580        225         96         72
         14        207        705        703         39        137

              precision    recall  f1-score   support

           0       0.33      0.68      0.45        19
           1       0.09      0.66      0.17       299
           2       0.07      0.85      0.12       300
           3       0.93      0.78      0.85     17795
           4       0.38      0.08      0.13      1190
           5       0.32      0.08      0.12      1805

    accuracy                           0.68     21408
   macro avg       0.36      0.52      0.31     21408
weighted avg       0.83      0.68      0.73     21408



running time in seconds: 20.922

