         10          0          1          5          2          1
          3        192         41         55          3          5
          1         14        244         28          5          8
          1        920       1549      15007         86        232
          1        167        449        394         73        106
          8        163        545        815         44        230

              precision    recall  f1-score   support

           0       0.42      0.53      0.47        19
           1       0.13      0.64      0.22       299
           2       0.09      0.81      0.16       300
           3       0.92      0.84      0.88     17795
           4       0.34      0.06      0.10      1190
           5       0.40      0.13      0.19      1805

    accuracy                           0.74     21408
   macro avg       0.38      0.50      0.34     21408
weighted avg       0.82      0.74      0.76     21408



running time in seconds: 28.082

