         19          0          0          0          0          0
          6        199         35         34         16          9
          2         74        179         18         17         10
         34       1400        889      12696        352       2424
         12        175        273        319        241        170
         11        184        236        397         97        880

              precision    recall  f1-score   support

           0       0.23      1.00      0.37        19
           1       0.10      0.67      0.17       299
           2       0.11      0.60      0.19       300
           3       0.94      0.71      0.81     17795
           4       0.33      0.20      0.25      1190
           5       0.25      0.49      0.33      1805

    accuracy                           0.66     21408
   macro avg       0.33      0.61      0.35     21408
weighted avg       0.83      0.66      0.72     21408



running time in seconds: 9.557

