          4          0          0         12          3          0
          1         89          9        180         11          9
          1          5        121        151         12         10
          0          7         20      17646         38         84
          0         16         23        660        408         83
          0          6         25        793         50        931

              precision    recall  f1-score   support

           0       0.67      0.21      0.32        19
           1       0.72      0.30      0.42       299
           2       0.61      0.40      0.49       300
           3       0.91      0.99      0.95     17795
           4       0.78      0.34      0.48      1190
           5       0.83      0.52      0.64      1805

    accuracy                           0.90     21408
   macro avg       0.75      0.46      0.55     21408
weighted avg       0.89      0.90      0.88     21408



running time in seconds: 11.613

