         17          0          0          0          1          1
         10         86         18         48         65         72
          4         67         36         16         73        104
        112        807        143      12412       1355       2966
         14         90         16        163        549        358
         22         78         22        412        377        894

              precision    recall  f1-score   support

           0       0.09      0.89      0.17        19
           1       0.08      0.29      0.12       299
           2       0.15      0.12      0.13       300
           3       0.95      0.70      0.80     17795
           4       0.23      0.46      0.30      1190
           5       0.20      0.50      0.29      1805

    accuracy                           0.65     21408
   macro avg       0.28      0.49      0.30     21408
weighted avg       0.82      0.65      0.71     21408



running time in seconds: 6.885

