         13          0          0          2          0          4
          5         25         38         85         77         69
          2         30         35         56         65        112
         65        293        146      10274       1151       5866
         14         23         24        202        450        477
         11         41         37        289        265       1162

              precision    recall  f1-score   support

           0       0.12      0.68      0.20        19
           1       0.06      0.08      0.07       299
           2       0.12      0.12      0.12       300
           3       0.94      0.58      0.72     17795
           4       0.22      0.38      0.28      1190
           5       0.15      0.64      0.24      1805

    accuracy                           0.56     21408
   macro avg       0.27      0.41      0.27     21408
weighted avg       0.81      0.56      0.63     21408



running time in seconds: 9.766

