         16          0          0          2          0          1
         10         20         27        146         47         49
          2         12         29        110         63         84
         52         61        125      15709        881        967
         15         16         27        434        445        253
         23         16         34        891        275        566

              precision    recall  f1-score   support

           0       0.14      0.84      0.23        19
           1       0.16      0.07      0.09       299
           2       0.12      0.10      0.11       300
           3       0.91      0.88      0.90     17795
           4       0.26      0.37      0.31      1190
           5       0.29      0.31      0.30      1805

    accuracy                           0.78     21408
   macro avg       0.31      0.43      0.32     21408
weighted avg       0.80      0.78      0.79     21408



running time in seconds: 14.133

