       5902          1          4          0          0          1         10          1          1          3
          0       6741          0          0          0          0          0          1          0          0
          4         31       5888          1          0          3          1         15         11          4
          0         16         16       6015          0         41          0          9         22         12
          0         24          1          0       5725          1          6          3          2         80
          4          3          0         13          3       5360         27          3          2          6
          4         10          0          0          4          8       5889          0          2          1
          0         30          7          2          7          0          0       6187          0         32
          6         39         10         30         10         31          9         10       5691         15
          4         20          1          5         67          8          0         49          4       5791

              precision    recall  f1-score   support

           0       1.00      1.00      1.00      5923
           1       0.97      1.00      0.99      6742
           2       0.99      0.99      0.99      5958
           3       0.99      0.98      0.99      6131
           4       0.98      0.98      0.98      5842
           5       0.98      0.99      0.99      5421
           6       0.99      1.00      0.99      5918
           7       0.99      0.99      0.99      6265
           8       0.99      0.97      0.98      5851
           9       0.97      0.97      0.97      5949

    accuracy                           0.99     60000
   macro avg       0.99      0.99      0.99     60000
weighted avg       0.99      0.99      0.99     60000



running time in seconds: 34.889

