       5775         10         12          5          7         33         50          6         14         11
          0       6741          0          0          0          0          0          1          0          0
         11        228       5496         20         36          2         13         74         71          7
          1        159         39       5625          5        107          5         68         76         46
          0        110          1          1       5567          0         16         18          4        125
          5        100          1         42         20       5170         42          7         12         22
          6         93          1          0         13         26       5776          0          3          0
          1        180         15          1         20          0          0       5977          3         68
          2        261         13         88         31         59         16         25       5297         59
          5        154          1         56        138          8          2        161         23       5401

              precision    recall  f1-score   support

           0       0.99      0.98      0.98      5923
           1       0.84      1.00      0.91      6742
           2       0.99      0.92      0.95      5958
           3       0.96      0.92      0.94      6131
           4       0.95      0.95      0.95      5842
           5       0.96      0.95      0.96      5421
           6       0.98      0.98      0.98      5918
           7       0.94      0.95      0.95      6265
           8       0.96      0.91      0.93      5851
           9       0.94      0.91      0.92      5949

    accuracy                           0.95     60000
   macro avg       0.95      0.95      0.95     60000
weighted avg       0.95      0.95      0.95     60000



running time in seconds: 2.566

