       5859          3         13          0          0         10         16          4          7         11
          0       6730          1          0          2          0          2          4          2          1
          9         66       5770         14          5          4          7         44         27         12
          3         30         43       5826          1        104          3         32         56         33
          1         44          2          2       5610          2         20         16          6        139
          9         10          3         21          9       5288         35          9         19         18
         11         12          2          0          9         17       5862          1          4          0
          0         42         21          1         21          1          0       6095          5         79
          8         48          9         48         16         56         22         11       5592         41
          5         37          2          9        118         11          2        115         15       5635

              precision    recall  f1-score   support

           0       0.99      0.99      0.99      5923
           1       0.96      1.00      0.98      6742
           2       0.98      0.97      0.98      5958
           3       0.98      0.95      0.97      6131
           4       0.97      0.96      0.96      5842
           5       0.96      0.98      0.97      5421
           6       0.98      0.99      0.99      5918
           7       0.96      0.97      0.97      6265
           8       0.98      0.96      0.97      5851
           9       0.94      0.95      0.95      5949

    accuracy                           0.97     60000
   macro avg       0.97      0.97      0.97     60000
weighted avg       0.97      0.97      0.97     60000



running time in seconds: 2.761

