       5921          0          1          0          0          0          1          0          0          0
          5       6733          0          0          0          0          2          2          0          0
       3837         11       2104          0          0          0          0          6          0          0
       3310          5          0       2800          0          7          0          6          0          3
       1688         17          0          0       4076          1          3          2          0         55
       2614          0          0          5          0       2792          9          0          1          0
       1291          3          0          0          3          2       4619          0          0          0
        762         24          1          1          4          0          0       5427          0         46
       3613         17          0          3          1          6          1          1       2205          4
       1170         21          0          2         53          2          0         42          0       4659

              precision    recall  f1-score   support

           0       0.24      1.00      0.39      5923
           1       0.99      1.00      0.99      6742
           2       1.00      0.35      0.52      5958
           3       1.00      0.46      0.63      6131
           4       0.99      0.70      0.82      5842
           5       0.99      0.52      0.68      5421
           6       1.00      0.78      0.88      5918
           7       0.99      0.87      0.92      6265
           8       1.00      0.38      0.55      5851
           9       0.98      0.78      0.87      5949

    accuracy                           0.69     60000
   macro avg       0.92      0.68      0.72     60000
weighted avg       0.92      0.69      0.73     60000



running time in seconds: 37.295

