       5884          4          8          4          0          4         12          0          2          5
          0       6738          0          0          0          0          1          2          0          1
          8         34       5851          5          4          4          0         28         17          7
          3         11         20       5950          2         62          2         24         33         24
          1         35          0          0       5703          1          8          9          4         81
          4          4          1         28          3       5333         32          3          7          6
         11          8          3          0          9         11       5873          0          3          0
          0         27         13          1         12          1          0       6153          2         56
          8         35         13         29         10         41         13          9       5675         18
          4         17          2          5         91          4          0         88         11       5727

              precision    recall  f1-score   support

           0       0.99      0.99      0.99      5923
           1       0.97      1.00      0.99      6742
           2       0.99      0.98      0.99      5958
           3       0.99      0.97      0.98      6131
           4       0.98      0.98      0.98      5842
           5       0.98      0.98      0.98      5421
           6       0.99      0.99      0.99      5918
           7       0.97      0.98      0.98      6265
           8       0.99      0.97      0.98      5851
           9       0.97      0.96      0.96      5949

    accuracy                           0.98     60000
   macro avg       0.98      0.98      0.98     60000
weighted avg       0.98      0.98      0.98     60000



running time in seconds: 41.757

