       5918          0          1          0          0          0          2          0          0          2
          4       6733          0          0          0          0          1          4          0          0
       3000         23       2926          0          0          0          0          9          0          0
       2548          3          2       3544          0         15          0          9          1          9
       1128         23          0          0       4621          0          5          2          0         63
       1932          1          0          7          2       3467         11          0          0          1
        877          5          0          0          4          2       5030          0          0          0
        521         34          6          0          8          0          0       5661          0         35
       2821         28          0          8          1         10          0          1       2976          6
        792         25          1          2         58          1          0         45          3       5022

              precision    recall  f1-score   support

           0       0.30      1.00      0.46      5923
           1       0.98      1.00      0.99      6742
           2       1.00      0.49      0.66      5958
           3       1.00      0.58      0.73      6131
           4       0.98      0.79      0.88      5842
           5       0.99      0.64      0.78      5421
           6       1.00      0.85      0.92      5918
           7       0.99      0.90      0.94      6265
           8       1.00      0.51      0.67      5851
           9       0.98      0.84      0.91      5949

    accuracy                           0.76     60000
   macro avg       0.92      0.76      0.79     60000
weighted avg       0.92      0.76      0.80     60000



running time in seconds: 36.848

