       5848          4         12          5          1         10         23          6          6          8
          0       6732          0          0          0          0          3          5          1          1
         15         72       5749         25          8          4          3         43         27         12
          3         23         35       5835          1         95          4         32         72         31
          1         38          6          0       5609          2         13         20          6        147
          9          9          3         35          5       5274         38          7         21         20
         11          8          3          0         11         18       5864          0          3          0
          0         37         23          3         26          2          0       6066          5        103
          8         39         18         53         17         69         18         11       5578         40
          2         31          0         15        143         12          1        108         12       5625

              precision    recall  f1-score   support

           0       0.99      0.99      0.99      5923
           1       0.96      1.00      0.98      6742
           2       0.98      0.96      0.97      5958
           3       0.98      0.95      0.96      6131
           4       0.96      0.96      0.96      5842
           5       0.96      0.97      0.97      5421
           6       0.98      0.99      0.99      5918
           7       0.96      0.97      0.97      6265
           8       0.97      0.95      0.96      5851
           9       0.94      0.95      0.94      5949

    accuracy                           0.97     60000
   macro avg       0.97      0.97      0.97     60000
weighted avg       0.97      0.97      0.97     60000



running time in seconds: 2.878

