       5879          5          6          1          1          8         13          3          4          3
          0       6741          0          0          0          0          0          1          0          0
          8         61       5808         10          3          4          7         39          9          9
          0         26         14       5944          0         58          2         29         34         24
          1         37          0          0       5696          0          8         11          0         89
          5         13          0         23          4       5318         33          3          6         16
          3         15          1          0          6          8       5883          0          1          1
          1         50         11          0         12          0          0       6134          4         53
          6         57         13         31          8         36         17         14       5642         27
          6         40          1          5         87          8          0         78          6       5718

              precision    recall  f1-score   support

           0       0.99      0.99      0.99      5923
           1       0.96      1.00      0.98      6742
           2       0.99      0.97      0.98      5958
           3       0.99      0.97      0.98      6131
           4       0.98      0.98      0.98      5842
           5       0.98      0.98      0.98      5421
           6       0.99      0.99      0.99      5918
           7       0.97      0.98      0.98      6265
           8       0.99      0.96      0.98      5851
           9       0.96      0.96      0.96      5949

    accuracy                           0.98     60000
   macro avg       0.98      0.98      0.98     60000
weighted avg       0.98      0.98      0.98     60000



running time in seconds: 2.457

