       5813         13          2          1          4         14         53          5          6         12
          0       6711         10          1          2          0          2          8          1          7
         12        450       5266         10         37          2         24        104         35         18
          2        287          9       5596          7         38          9         59         42         82
          1        198          0          0       5294          0         26         12          1        310
          6        189          0         37          9       5044         63          7          3         63
          9        115          0          0          4         17       5772          0          1          0
          1        315          7          1         14          0          1       5797          2        127
          2        485          1         64         17         27         18         19       5100        118
          7        144          0         56         28          3          3         95          6       5607

              precision    recall  f1-score   support

           0       0.99      0.98      0.99      5923
           1       0.75      1.00      0.86      6742
           2       0.99      0.88      0.94      5958
           3       0.97      0.91      0.94      6131
           4       0.98      0.91      0.94      5842
           5       0.98      0.93      0.95      5421
           6       0.97      0.98      0.97      5918
           7       0.95      0.93      0.94      6265
           8       0.98      0.87      0.92      5851
           9       0.88      0.94      0.91      5949

    accuracy                           0.93     60000
   macro avg       0.95      0.93      0.94     60000
weighted avg       0.94      0.93      0.93     60000



running time in seconds: 136.232

