       5919          0          1          0          0          0          1          0          1          1
          0       6741          0          0          0          0          0          1          0          0
       3287         16       2649          0          0          0          0          6          0          0
       2700          4          0       3410          0          7          0          5          0          5
       1164         12          0          0       4603          1          2          0          0         60
       2153          3          0          3          1       3256          5          0          0          0
        866          6          0          0          4          3       5038          0          1          0
        473         34          0          0          5          0          0       5732          0         21
       3092         17          0          2          1          3          0          1       2731          4
        753         19          0          1         41          0          0         33          0       5102

              precision    recall  f1-score   support

           0       0.29      1.00      0.45      5923
           1       0.98      1.00      0.99      6742
           2       1.00      0.44      0.62      5958
           3       1.00      0.56      0.71      6131
           4       0.99      0.79      0.88      5842
           5       1.00      0.60      0.75      5421
           6       1.00      0.85      0.92      5918
           7       0.99      0.91      0.95      6265
           8       1.00      0.47      0.64      5851
           9       0.98      0.86      0.92      5949

    accuracy                           0.75     60000
   macro avg       0.92      0.75      0.78     60000
weighted avg       0.92      0.75      0.79     60000



running time in seconds: 40.335

