       5846          3         19          3          2         12         22          2          7          7
          0       6728          0          0          1          0          3          9          0          1
         17         39       5790         20          9          7          3         39         25          9
          1         21         30       5858          0         93          4         30         62         32
          1         51          5          0       5600          2         11         19          5        148
         10          5          2         40          6       5275         36          7         19         21
         11          9          4          0          6         17       5866          0          5          0
          0         44         28          1         30          0          0       6069          2         91
          6         49         13         43         17         80         13         12       5581         37
          5         26          2         13        122         14          2        117         16       5632

              precision    recall  f1-score   support

           0       0.99      0.99      0.99      5923
           1       0.96      1.00      0.98      6742
           2       0.98      0.97      0.98      5958
           3       0.98      0.96      0.97      6131
           4       0.97      0.96      0.96      5842
           5       0.96      0.97      0.97      5421
           6       0.98      0.99      0.99      5918
           7       0.96      0.97      0.97      6265
           8       0.98      0.95      0.96      5851
           9       0.94      0.95      0.94      5949

    accuracy                           0.97     60000
   macro avg       0.97      0.97      0.97     60000
weighted avg       0.97      0.97      0.97     60000



running time in seconds: 2.735

