       5890          5          4          0          0          9          8          0          3          4
          0       6738          0          0          0          0          2          2          0          0
          8         41       5835          6          5          4          3         33         13         10
          2         17         19       5940          0         66          0         20         42         25
          4         30          1          0       5692          2          5          7          1        100
          4          5          3         19          3       5339         32          2          9          5
          8          7          1          0          6         10       5882          0          3          1
          0         31         10          2         13          0          0       6129          2         78
          6         47          9         27         14         48         18         13       5651         18
          3         24          0         10         95         12          0         70          4       5731

              precision    recall  f1-score   support

           0       0.99      0.99      0.99      5923
           1       0.97      1.00      0.98      6742
           2       0.99      0.98      0.99      5958
           3       0.99      0.97      0.98      6131
           4       0.98      0.97      0.98      5842
           5       0.97      0.98      0.98      5421
           6       0.99      0.99      0.99      5918
           7       0.98      0.98      0.98      6265
           8       0.99      0.97      0.98      5851
           9       0.96      0.96      0.96      5949

    accuracy                           0.98     60000
   macro avg       0.98      0.98      0.98     60000
weighted avg       0.98      0.98      0.98     60000



running time in seconds: 35.922

