       4046          0          0         44        175        865          1          1          0         37
          0        325          0          0          0          0          2          0          0          0
         35         14       4778        642         24          2         64        124        284        409
         43          0        116       3098         77        339         15         65        143        154
         35          0          1          8       1690         68          0          0          1          9
        131          0          0         32         27       1602          0          0          0          4
          0         13          5          8          5          0       1047         43         36         13
          0          1          8         23          1          1         14        736         86         23
          0          0         12         10          1          0          6         50        782         39
         66          0         71        181        133         27          8         91        273       1850

              precision    recall  f1-score   support

           0       0.93      0.78      0.85      5169
           1       0.92      0.99      0.96       327
           2       0.96      0.75      0.84      6376
           3       0.77      0.76      0.77      4050
           4       0.79      0.93      0.86      1812
           5       0.55      0.89      0.68      1796
           6       0.90      0.89      0.90      1170
           7       0.66      0.82      0.73       893
           8       0.49      0.87      0.62       900
           9       0.73      0.69      0.71      2700

    accuracy                           0.79     25193
   macro avg       0.77      0.84      0.79     25193
weighted avg       0.83      0.79      0.80     25193



running time in seconds: 21.729

