       4827          0          0         17         38        275          0          0          0         12
          0        327          0          0          0          0          0          0          0          0
          2          0       5612        384          1          0          5         52         63        257
         52          0         84       3643         11        122          1         16         16        105
          4          0          0          6       1789         11          0          0          0          2
         53          0          0         12          3       1728          0          0          0          0
          0          0          1          1          0          0       1158          6          3          1
          0          0          0          1          0          0          1        883          6          2
          0          0          0          2          0          0          0          8        883          7
         27          0         55         84         12          2          4         25        101       2390

              precision    recall  f1-score   support

           0       0.97      0.93      0.95      5169
           1       1.00      1.00      1.00       327
           2       0.98      0.88      0.93      6376
           3       0.88      0.90      0.89      4050
           4       0.96      0.99      0.98      1812
           5       0.81      0.96      0.88      1796
           6       0.99      0.99      0.99      1170
           7       0.89      0.99      0.94       893
           8       0.82      0.98      0.90       900
           9       0.86      0.89      0.87      2700

    accuracy                           0.92     25193
   macro avg       0.92      0.95      0.93     25193
weighted avg       0.93      0.92      0.92     25193



running time in seconds: 21.700

