       1601          2          0          2         74       3453          1         17         10          9
          0        283          2          0          0          1         29          2          9          1
         89          5       2682        554         22        743         54        118       1883        226
        177          2          9        798         30       2310          1         78        637          8
         88          3          1          2       1220        444          3          8         36          7
         70          0          0          0          6       1715          1          2          0          2
          9          7         31          1         12        189        466         95        347         13
          6          0          1          3          8        281          0        305        278         11
         30          0          0          3         15        267          3         70        507          5
        326          1         12         19         36       1093          4        123        763        323

              precision    recall  f1-score   support

           0       0.67      0.31      0.42      5169
           1       0.93      0.87      0.90       327
           2       0.98      0.42      0.59      6376
           3       0.58      0.20      0.29      4050
           4       0.86      0.67      0.75      1812
           5       0.16      0.95      0.28      1796
           6       0.83      0.40      0.54      1170
           7       0.37      0.34      0.36       893
           8       0.11      0.56      0.19       900
           9       0.53      0.12      0.20      2700

    accuracy                           0.39     25193
   macro avg       0.60      0.48      0.45     25193
weighted avg       0.68      0.39      0.43     25193



running time in seconds: 17.106

