       4193          0          0         18        106        829          0          2          0         21
          0        326          0          0          0          0          1          0          0          0
         11          5       4817        749         12          1         54        102        179        446
         29          0         94       3289         52        334          4         44         74        130
         24          0          0          6       1707         68          0          0          0          7
         86          0          0          8         22       1679          0          0          0          1
          1          8          1          3          4          0       1087         41         16          9
          0          0          9         17          0          0         14        780         52         21
          0          0          9         20          0          0          2         51        782         36
         71          0         69        183         85         19          9         92        179       1993

              precision    recall  f1-score   support

           0       0.95      0.81      0.87      5169
           1       0.96      1.00      0.98       327
           2       0.96      0.76      0.85      6376
           3       0.77      0.81      0.79      4050
           4       0.86      0.94      0.90      1812
           5       0.57      0.93      0.71      1796
           6       0.93      0.93      0.93      1170
           7       0.70      0.87      0.78       893
           8       0.61      0.87      0.72       900
           9       0.75      0.74      0.74      2700

    accuracy                           0.82     25193
   macro avg       0.81      0.87      0.83     25193
weighted avg       0.85      0.82      0.82     25193



running time in seconds: 17.535

