       3893          0          0         19        153       1083          1          0          0         20
          0        325          0          0          0          0          2          0          0          0
          7         14       4809        635         22          2         68        121        288        410
         25          0         96       3010         64        505         16         57        144        133
         28          0          1          4       1686         85          0          0          2          6
         78          0          0          8         21       1686          0          0          0          3
          0         13          5          9          5          0       1045         44         36         13
          0          1          8         17          1          1         14        742         88         21
          0          0         10         13          0          0          4         43        804         26
         74          0         68        167        140         28          8         84        301       1830

              precision    recall  f1-score   support

           0       0.95      0.75      0.84      5169
           1       0.92      0.99      0.96       327
           2       0.96      0.75      0.85      6376
           3       0.78      0.74      0.76      4050
           4       0.81      0.93      0.86      1812
           5       0.50      0.94      0.65      1796
           6       0.90      0.89      0.90      1170
           7       0.68      0.83      0.75       893
           8       0.48      0.89      0.63       900
           9       0.74      0.68      0.71      2700

    accuracy                           0.79     25193
   macro avg       0.77      0.84      0.79     25193
weighted avg       0.83      0.79      0.80     25193



running time in seconds: 21.276

