        113          0          0          0          0          0
        926        102         18         55         12         13
        564         10        162         15          6         11
       5474         11         83        793         20        169
       1862         10          8         12        383        108
       1868         10         23        105         99        807

              precision    recall  f1-score   support

           0       0.01      1.00      0.02       113
           1       0.71      0.09      0.16      1126
           2       0.55      0.21      0.31       768
           3       0.81      0.12      0.21      6550
           4       0.74      0.16      0.26      2383
           5       0.73      0.28      0.40      2912

    accuracy                           0.17     13852
   macro avg       0.59      0.31      0.23     13852
weighted avg       0.75      0.17      0.26     13852



running time in seconds: 7.418

