        113          0          0          0          0          0
          6        556        108        139        157        160
          1         50        427         98         84        108
         13        167        286       5015        363        706
         56         74        121        200       1506        426
          8         65        126        278        379       2056

              precision    recall  f1-score   support

           0       0.57      1.00      0.73       113
           1       0.61      0.49      0.55      1126
           2       0.40      0.56      0.47       768
           3       0.88      0.77      0.82      6550
           4       0.61      0.63      0.62      2383
           5       0.59      0.71      0.65      2912

    accuracy                           0.70     13852
   macro avg       0.61      0.69      0.64     13852
weighted avg       0.72      0.70      0.70     13852



running time in seconds: 9.133

