        113          0          0          0          0          0
          7        553        111        122        181        152
          2         54        479         52         91         90
         12        201        338       4599        532        868
         60         82         98        133       1629        381
          6         83        126        232        372       2093

              precision    recall  f1-score   support

           0       0.56      1.00      0.72       113
           1       0.57      0.49      0.53      1126
           2       0.42      0.62      0.50       768
           3       0.90      0.70      0.79      6550
           4       0.58      0.68      0.63      2383
           5       0.58      0.72      0.64      2912

    accuracy                           0.68     13852
   macro avg       0.60      0.70      0.63     13852
weighted avg       0.72      0.68      0.69     13852



running time in seconds: 7.561

