        113          0          0          0          0          0
         10        453        498         14         94         57
          2         27        682          1         38         18
         29        347       1760       2877        514       1023
        136         98        564         22       1286        277
         57        108        797         20        242       1688

              precision    recall  f1-score   support

           0       0.33      1.00      0.49       113
           1       0.44      0.40      0.42      1126
           2       0.16      0.89      0.27       768
           3       0.98      0.44      0.61      6550
           4       0.59      0.54      0.56      2383
           5       0.55      0.58      0.57      2912

    accuracy                           0.51     13852
   macro avg       0.51      0.64      0.49     13852
weighted avg       0.73      0.51      0.56     13852



running time in seconds: 7.461

