        113          0          0          0          0          0
          3        605         99        120        160        139
          0         93        421         71         77        106
          5        233        233       4853        461        765
         54        102         98        161       1515        453
          1         77        106        251        346       2131

              precision    recall  f1-score   support

           0       0.64      1.00      0.78       113
           1       0.55      0.54      0.54      1126
           2       0.44      0.55      0.49       768
           3       0.89      0.74      0.81      6550
           4       0.59      0.64      0.61      2383
           5       0.59      0.73      0.66      2912

    accuracy                           0.70     13852
   macro avg       0.62      0.70      0.65     13852
weighted avg       0.72      0.70      0.70     13852



running time in seconds: 8.265

