         90          5          0          2         16          0
         14        691        188         38        103         92
          4         71        566         30         57         40
         41        492        657       4104        472        784
         95        183        234        101       1381        389
         39        179        305        182        316       1891

              precision    recall  f1-score   support

           0       0.32      0.80      0.45       113
           1       0.43      0.61      0.50      1126
           2       0.29      0.74      0.42       768
           3       0.92      0.63      0.75      6550
           4       0.59      0.58      0.58      2383
           5       0.59      0.65      0.62      2912

    accuracy                           0.63     13852
   macro avg       0.52      0.67      0.55     13852
weighted avg       0.71      0.63      0.65     13852



running time in seconds: 6.294

