        113          0          0          0          0          0
          5        699        199         41         92         90
          0         71        575         21         48         53
          9        540        752       3991        399        859
         46        164        262         72       1468        371
          4        138        315         74        290       2091

              precision    recall  f1-score   support

           0       0.64      1.00      0.78       113
           1       0.43      0.62      0.51      1126
           2       0.27      0.75      0.40       768
           3       0.95      0.61      0.74      6550
           4       0.64      0.62      0.63      2383
           5       0.60      0.72      0.66      2912

    accuracy                           0.65     13852
   macro avg       0.59      0.72      0.62     13852
weighted avg       0.74      0.65      0.67     13852



running time in seconds: 9.898

