        113          0          0          0          0          0
          7        612        180         56        137        134
          0         55        502         56         70         85
         15        392        520       4324        403        896
         59        104        205        139       1498        378
         11         92        232        153        362       2062

              precision    recall  f1-score   support

           0       0.55      1.00      0.71       113
           1       0.49      0.54      0.51      1126
           2       0.31      0.65      0.42       768
           3       0.91      0.66      0.77      6550
           4       0.61      0.63      0.62      2383
           5       0.58      0.71      0.64      2912

    accuracy                           0.66     13852
   macro avg       0.57      0.70      0.61     13852
weighted avg       0.72      0.66      0.67     13852



running time in seconds: 9.310

