        113          0          0          0          0          0
        551        297         56         79         70         73
        310         70        248         42         36         62
       3214        131        125       2501        147        432
       1094         44         55         73        818        299
        862         47         71        188        224       1520

              precision    recall  f1-score   support

           0       0.02      1.00      0.04       113
           1       0.50      0.26      0.35      1126
           2       0.45      0.32      0.37       768
           3       0.87      0.38      0.53      6550
           4       0.63      0.34      0.44      2383
           5       0.64      0.52      0.57      2912

    accuracy                           0.40     13852
   macro avg       0.52      0.47      0.38     13852
weighted avg       0.72      0.40      0.50     13852



running time in seconds: 8.217

