        113          0          0          0          0          0
          3        660        106        115        120        122
          0         80        467         63         65         93
          6        354        264       4947        359        620
         40        105        116        179       1517        426
          2         88         99        249        347       2127

              precision    recall  f1-score   support

           0       0.69      1.00      0.82       113
           1       0.51      0.59      0.55      1126
           2       0.44      0.61      0.51       768
           3       0.89      0.76      0.82      6550
           4       0.63      0.64      0.63      2383
           5       0.63      0.73      0.68      2912

    accuracy                           0.71     13852
   macro avg       0.63      0.72      0.67     13852
weighted avg       0.73      0.71      0.72     13852



running time in seconds: 10.069

