        113          0          0          0          0          0
          3        618         80        165        125        135
          0         78        427         86         68        109
          4        270        186       5171        333        586
         38         88         87        210       1513        447
          2         75         69        332        331       2103

              precision    recall  f1-score   support

           0       0.71      1.00      0.83       113
           1       0.55      0.55      0.55      1126
           2       0.50      0.56      0.53       768
           3       0.87      0.79      0.83      6550
           4       0.64      0.63      0.64      2383
           5       0.62      0.72      0.67      2912

    accuracy                           0.72     13852
   macro avg       0.65      0.71      0.67     13852
weighted avg       0.73      0.72      0.72     13852



running time in seconds: 9.992

