        293          3          2          9         43          1
          1        975         95        101          5         19
          0         50       1077         57          4         12
         20        488        500      14427        280       1089
          5          5          7         32       1913         81
          5         45         42        367        197       2943

              precision    recall  f1-score   support

           0       0.90      0.83      0.87       351
           1       0.62      0.82      0.71      1196
           2       0.63      0.90      0.74      1200
           3       0.96      0.86      0.91     16804
           4       0.78      0.94      0.85      2043
           5       0.71      0.82      0.76      3599

    accuracy                           0.86     25193
   macro avg       0.77      0.86      0.81     25193
weighted avg       0.88      0.86      0.86     25193

