       4443         14          0          0        160        234          0          0          1         21
        120        119          0          0         91        117          0          3          0          9
       2246        623          0          0       2048       5646         13        277          1        737
       2847        502          0          0       1621       3102         38         92          5        733
        910        210          0          0       1551       2908          9         12          2        704
        408        194          0          0        389       3132          1        230          0         24
        588        173          0          0        558       1013          1          2          0         65
        600        198          0          0        573        677          0        187          0        165
        603        155          0          0        436        845          0         32          0        242
       1834        225          0          0        918       1972          0          6          1        507

              precision    recall  f1-score   support

           0       0.30      0.91      0.46      4873
           1       0.05      0.26      0.08       459
           2       0.00      0.00      0.00     11591
           3       0.00      0.00      0.00      8940
           4       0.19      0.25      0.21      6306
           5       0.16      0.72      0.26      4378
           6       0.02      0.00      0.00      2400
           7       0.22      0.08      0.12      2400
           8       0.00      0.00      0.00      2313
           9       0.16      0.09      0.12      5463

    accuracy                           0.20     49123
   macro avg       0.11      0.23      0.12     49123
weighted avg       0.10      0.20      0.12     49123

