       4443         55         64         13         46        194          7         51          0          0
         33        388          0          2          5          5          4         18          4          0
       2031       1700        535        100        664       5153        161        523        313        411
       2296        956        301        380        684       2728        188        820        409        178
        614        809        182         83        866       2713         80        391        430        138
        400        323        134         15         74       3143         26        256          7          0
        561        355         18         14         82        854        128        319         68          1
        543        325         23         10        129        634         75        506        137         18
        544        190          9         12        158        827         60        208        253         52
       1769        461         52         19        427       1771         98        223        442        201

              precision    recall  f1-score   support

           0       0.34      0.91      0.49      4873
           1       0.07      0.85      0.13       459
           2       0.41      0.05      0.08     11591
           3       0.59      0.04      0.08      8940
           4       0.28      0.14      0.18      6306
           5       0.17      0.72      0.28      4378
           6       0.15      0.05      0.08      2400
           7       0.15      0.21      0.18      2400
           8       0.12      0.11      0.12      2313
           9       0.20      0.04      0.06      5463

    accuracy                           0.22     49123
   macro avg       0.25      0.31      0.17     49123
weighted avg       0.33      0.22      0.16     49123

