       4439         53         86         20         31        179         10         52          2          1
         30        387          2          3          7          4          7         17          2          0
       2060       1386        714        123        560       5192        271        516        323        446
       2310        676        455        528        549       2688        306        719        494        215
        630        608        279        125        756       2775        126        379        422        206
        392        213        184         28         52       3187         45        268          9          0
        545        273         40         18         57        880        222        276         85          4
        528        252         71         13         96        641        106        498        179         16
        543        148         21         18        119        828        107        177        304         48
       1769        364         81         31        321       1793        156        203        489        256

              precision    recall  f1-score   support

           0       0.34      0.91      0.49      4873
           1       0.09      0.84      0.16       459
           2       0.37      0.06      0.11     11591
           3       0.58      0.06      0.11      8940
           4       0.30      0.12      0.17      6306
           5       0.18      0.73      0.28      4378
           6       0.16      0.09      0.12      2400
           7       0.16      0.21      0.18      2400
           8       0.13      0.13      0.13      2313
           9       0.21      0.05      0.08      5463

    accuracy                           0.23     49123
   macro avg       0.25      0.32      0.18     49123
weighted avg       0.33      0.23      0.17     49123

