       4438         63         20         15         39        235          7         54          2          0
         36        380          1          3         10          6          3         18          2          0
       2071       1534        144        105        743       5659        125        583        260        367
       2312        910         76        341        752       3002        176        867        360        144
        644        729         43         77        939       2924         65        430        343        112
        388        297         35         15         62       3262         15        295          8          1
        548        381          5         16         89        875         96        330         57          3
        527        271          9         11        117        697         55        568        131         14
        538        188          0         10        170        855         39        226        252         35
       1766        446         17         21        495       1821         92        247        389        169

              precision    recall  f1-score   support

           0       0.33      0.91      0.49      4873
           1       0.07      0.83      0.13       459
           2       0.41      0.01      0.02     11591
           3       0.56      0.04      0.07      8940
           4       0.27      0.15      0.19      6306
           5       0.17      0.75      0.28      4378
           6       0.14      0.04      0.06      2400
           7       0.16      0.24      0.19      2400
           8       0.14      0.11      0.12      2313
           9       0.20      0.03      0.05      5463

    accuracy                           0.22     49123
   macro avg       0.25      0.31      0.16     49123
weighted avg       0.33      0.22      0.14     49123

