       4453        112         32          1         51        208          0         14          1          1
         60        365          0          1          9         10          2         11          1          0
       2137       1721        272          4        995       5378         10        568        106        400
       2608       1005        128         12        993       2907          8        879        171        229
        708        948         97          2       1051       2809          3        312        203        173
        407        330         81          0         98       3179          1        277          5          0
        580        372          1          0        144        932          2        320         46          3
        580        270          0          0        159        730          4        549         89         19
        556        170          0          0        237        906          9        230        128         77
       1772        559         23          0        661       1762         10        242        187        247

              precision    recall  f1-score   support

           0       0.32      0.91      0.48      4873
           1       0.06      0.80      0.12       459
           2       0.43      0.02      0.04     11591
           3       0.60      0.00      0.00      8940
           4       0.24      0.17      0.20      6306
           5       0.17      0.73      0.27      4378
           6       0.04      0.00      0.00      2400
           7       0.16      0.23      0.19      2400
           8       0.14      0.06      0.08      2313
           9       0.21      0.05      0.07      5463

    accuracy                           0.21     49123
   macro avg       0.24      0.30      0.15     49123
weighted avg       0.33      0.21      0.13     49123

