       4739         10        100        499         19          6        285        154         83         28
          8       6164        131        185          1          1        100          5        146          1
         72         99       4193        592        168          4        118         91        593         28
         41         73        115       5203         20         27        178         78        321         75
         14        153        102         73       4420          9        114        137        179        641
        313         64        269       1696        228       1165        529        202        663        292
         45         78        342        172        113         24       4999         82         56          7
         46        343         48         96        111          6         11       5276        249         79
         46        101        168        736         77         18         97        172       4168        268
         35        278         46        155       1115         20         12        596        205       3487

              precision    recall  f1-score   support

           0       0.88      0.80      0.84      5923
           1       0.84      0.91      0.87      6742
           2       0.76      0.70      0.73      5958
           3       0.55      0.85      0.67      6131
           4       0.70      0.76      0.73      5842
           5       0.91      0.21      0.35      5421
           6       0.78      0.84      0.81      5918
           7       0.78      0.84      0.81      6265
           8       0.63      0.71      0.67      5851
           9       0.71      0.59      0.64      5949

    accuracy                           0.73     60000
   macro avg       0.75      0.72      0.71     60000
weighted avg       0.75      0.73      0.72     60000

