       5333          1         50        138         15         70        156         72         65         23
          9       6434         82         43          1         10         39          7        116          1
         77         78       4774        314        105          9        122         75        383         21
         39         73        145       5335         13         73         80         78        218         77
          9        127        103         56       4741         11        122         88        107        478
        175         49        258        787        142       3194        238        197        210        171
         53         63        155         32         23         95       5453          8         29          7
         42        243         73         62         81          5         15       5513        133         98
         74        119        190        528         60         90         79         97       4405        209
         30        198         55        155        538         29         12        439        134       4359

              precision    recall  f1-score   support

           0       0.91      0.90      0.91      5923
           1       0.87      0.95      0.91      6742
           2       0.81      0.80      0.81      5958
           3       0.72      0.87      0.79      6131
           4       0.83      0.81      0.82      5842
           5       0.89      0.59      0.71      5421
           6       0.86      0.92      0.89      5918
           7       0.84      0.88      0.86      6265
           8       0.76      0.75      0.76      5851
           9       0.80      0.73      0.77      5949

    accuracy                           0.83     60000
   macro avg       0.83      0.82      0.82     60000
weighted avg       0.83      0.83      0.82     60000

