       4795          3         92        533         16         23        205        147         89         20
         11       6151        106        206          1          6         96          6        158          1
         67         76       4096        537        158          9        229         99        681          6
         37         69        119       5165         22         52        104         83        411         69
         15        151         96         80       4278         12        108        156        181        765
        387         54        314       1836        235       1108        222        156        779        330
         54         76        240        226         81         26       5076         84         52          3
         44        333         43         82        128          8         19       5256        281         71
         61         80        175        691         75         26         85        210       4223        225
         26        273         44        148       1218         28         31        895        218       3068

              precision    recall  f1-score   support

           0       0.87      0.81      0.84      5923
           1       0.85      0.91      0.88      6742
           2       0.77      0.69      0.73      5958
           3       0.54      0.84      0.66      6131
           4       0.69      0.73      0.71      5842
           5       0.85      0.20      0.33      5421
           6       0.82      0.86      0.84      5918
           7       0.74      0.84      0.79      6265
           8       0.60      0.72      0.65      5851
           9       0.67      0.52      0.58      5949

    accuracy                           0.72     60000
   macro avg       0.74      0.71      0.70     60000
weighted avg       0.74      0.72      0.71     60000

