       4717          1         93        545         18          5        269        161         87         27
          5       6151        137        178          1          1         90          5        173          1
         68         82       4224        593        176          4        123         96        565         27
         38         68        119       5262         18         24        122         79        324         77
         13        154         99         74       4404          8        106        124        182        678
        326         61        274       1843        222       1119        459        180        616        321
         46         74        354        156        124         26       5007         78         48          5
         42        364         46         98        104          5         12       5223        263        108
         53         87        151        764         84         16        100        141       4167        288
         29        285         42        160       1131         19         11        616        208       3448

              precision    recall  f1-score   support

           0       0.88      0.80      0.84      5923
           1       0.84      0.91      0.87      6742
           2       0.76      0.71      0.73      5958
           3       0.54      0.86      0.67      6131
           4       0.70      0.75      0.73      5842
           5       0.91      0.21      0.34      5421
           6       0.79      0.85      0.82      5918
           7       0.78      0.83      0.81      6265
           8       0.63      0.71      0.67      5851
           9       0.69      0.58      0.63      5949

    accuracy                           0.73     60000
   macro avg       0.75      0.72      0.71     60000
weighted avg       0.75      0.73      0.72     60000

