       5665          0         25         61         16         33         65          9         37         12
          0       6559         48         36          2         35         17          5         37          3
         42         17       5294        145         78         14         29         52        263         24
          9         20        110       5425          7        132         33         66        241         88
          8         27         85         29       5251         24         71         20         90        237
         23          2         41        201         64       4868         65         19         65         73
         32          7         66         14         12         84       5687          0         15          1
          3         60         98         24         54         22          3       5761        148         92
         14         54         97        321         41        175         43         30       4962        114
         19         24         35        116        152         65          7        152        112       5267

              precision    recall  f1-score   support

           0       0.97      0.96      0.97      5923
           1       0.97      0.97      0.97      6742
           2       0.90      0.89      0.89      5958
           3       0.85      0.88      0.87      6131
           4       0.92      0.90      0.91      5842
           5       0.89      0.90      0.90      5421
           6       0.94      0.96      0.95      5918
           7       0.94      0.92      0.93      6265
           8       0.83      0.85      0.84      5851
           9       0.89      0.89      0.89      5949

    accuracy                           0.91     60000
   macro avg       0.91      0.91      0.91     60000
weighted avg       0.91      0.91      0.91     60000

