       5743          0         16         18          9         39         51          4         32         11
          0       6593         35         28          1         30          8         10         34          3
         25          7       5487        104         39         17         13         41        207         18
          9          7         90       5559          5        124         18         57        195         67
          4         23         42         11       5442         16         48         12         69        175
         11          1         31        132         38       5059         36          9         59         45
         18          6         20          4         10         61       5781          0         17          1
          2         32         75          9         30         16          2       5927         84         88
          7         46         84        196         34        144         27         16       5220         77
          9         11         25        102        129         46          6         99         92       5430

              precision    recall  f1-score   support

           0       0.99      0.97      0.98      5923
           1       0.98      0.98      0.98      6742
           2       0.93      0.92      0.93      5958
           3       0.90      0.91      0.90      6131
           4       0.95      0.93      0.94      5842
           5       0.91      0.93      0.92      5421
           6       0.97      0.98      0.97      5918
           7       0.96      0.95      0.95      6265
           8       0.87      0.89      0.88      5851
           9       0.92      0.91      0.92      5949

    accuracy                           0.94     60000
   macro avg       0.94      0.94      0.94     60000
weighted avg       0.94      0.94      0.94     60000

