       5135          0         65        292         16         50        150        105         81         29
         12       6314        128        103          1         25         34          6        118          1
         79         66       4555        355        132         12        120         80        525         34
         38         57        138       5202         14        121         67         74        336         84
         13         98        131         62       4690         19         91         62        161        515
        226         44        252        721        198       3091        148        144        302        295
         62         63        248         79         57         71       5280         18         35          5
         32        190         72         63         78         23         12       5454        242         99
         62         78        200        525         68        100         55         80       4400        283
         29        141         47        138        663         53         11        417        197       4253

              precision    recall  f1-score   support

           0       0.90      0.87      0.88      5923
           1       0.90      0.94      0.92      6742
           2       0.78      0.76      0.77      5958
           3       0.69      0.85      0.76      6131
           4       0.79      0.80      0.80      5842
           5       0.87      0.57      0.69      5421
           6       0.88      0.89      0.89      5918
           7       0.85      0.87      0.86      6265
           8       0.69      0.75      0.72      5851
           9       0.76      0.71      0.74      5949

    accuracy                           0.81     60000
   macro avg       0.81      0.80      0.80     60000
weighted avg       0.81      0.81      0.80     60000

