       5304         19         56        163         17         52        162         85         46         19
          1       6489         80         79          1          8         12         11         59          2
         63        171       4721        314        134         14        124         99        296         22
         30         90        109       5314         24        107         88         95        213         61
         10        140         60         72       4814          9        119         90        111        417
        156         59        208        916        191       2906        232        132        357        264
         63         60        136         50         42        102       5426          2         33          4
         34        308         60         38         99          9         15       5499         89        114
         50        176        140        574         63        121         83        139       4354        151
         28        210         37        146        674         33         18        558        124       4121

              precision    recall  f1-score   support

           0       0.92      0.90      0.91      5923
           1       0.84      0.96      0.90      6742
           2       0.84      0.79      0.82      5958
           3       0.69      0.87      0.77      6131
           4       0.79      0.82      0.81      5842
           5       0.86      0.54      0.66      5421
           6       0.86      0.92      0.89      5918
           7       0.82      0.88      0.85      6265
           8       0.77      0.74      0.76      5851
           9       0.80      0.69      0.74      5949

    accuracy                           0.82     60000
   macro avg       0.82      0.81      0.81     60000
weighted avg       0.82      0.82      0.81     60000

