       5180          0         62        291         20         79        143         61         62         25
          3       6351        123         87          1         28         35         10        103          1
        115         54       4550        346        123         11        128         90        519         22
         65         58        140       5110         14        131         83         81        373         76
         10         86        114         64       4655         20        106         62        165        560
        273         44        253        689        158       3078        181        112        321        312
         60         58        213         81         47         88       5325          3         37          6
         31        180         70         52         92         14         13       5472        245         96
         86         81        179        533         69        106         78        124       4333        262
         32        128         55        141        703         43         15        417        199       4216

              precision    recall  f1-score   support

           0       0.88      0.87      0.88      5923
           1       0.90      0.94      0.92      6742
           2       0.79      0.76      0.78      5958
           3       0.69      0.83      0.76      6131
           4       0.79      0.80      0.79      5842
           5       0.86      0.57      0.68      5421
           6       0.87      0.90      0.89      5918
           7       0.85      0.87      0.86      6265
           8       0.68      0.74      0.71      5851
           9       0.76      0.71      0.73      5949

    accuracy                           0.80     60000
   macro avg       0.81      0.80      0.80     60000
weighted avg       0.81      0.80      0.80     60000

