       5808          0         11         18          7         13         33          3         24          6
          0       6610         43         25          2         18          9          7         27          1
         25          5       5596         70         29          6         10         36        166         15
          4          7         64       5678          5         76         15         45        168         69
          5         13         43         11       5555          9         31          8         53        114
          8          1         22         87         27       5189         32          4         35         16
         14          5         25          4          6         60       5795          0          9          0
          0         37         83         12         26          6          2       5965         74         60
          7         46         55        173         29        106         20         10       5341         64
          9         10         21        106         64         41          5         71         77       5545

              precision    recall  f1-score   support

           0       0.99      0.98      0.98      5923
           1       0.98      0.98      0.98      6742
           2       0.94      0.94      0.94      5958
           3       0.92      0.93      0.92      6131
           4       0.97      0.95      0.96      5842
           5       0.94      0.96      0.95      5421
           6       0.97      0.98      0.98      5918
           7       0.97      0.95      0.96      6265
           8       0.89      0.91      0.90      5851
           9       0.94      0.93      0.94      5949

    accuracy                           0.95     60000
   macro avg       0.95      0.95      0.95     60000
weighted avg       0.95      0.95      0.95     60000

