       4789         36        106        425         57         73        194        158         71         14
         45       6338         77         75          1         26         28          5        145          2
         85         90       4322        321        193         28        357         70        481         11
         95         74        151       5021         24        106         81        105        428         46
         10        133         76         69       4434         25         96        204        143        652
        246         53        221        748        144       2704        284        282        497        242
         54         67        201         53         78         92       5308          3         60          2
         39        272         66         94        247          9         19       5283        161         75
         90        132        127        436         86        139        112        225       4351        153
         31        161         22        163       1218         43         25        737        189       3360

              precision    recall  f1-score   support

           0       0.87      0.81      0.84      5923
           1       0.86      0.94      0.90      6742
           2       0.80      0.73      0.76      5958
           3       0.68      0.82      0.74      6131
           4       0.68      0.76      0.72      5842
           5       0.83      0.50      0.62      5421
           6       0.82      0.90      0.85      5918
           7       0.75      0.84      0.79      6265
           8       0.67      0.74      0.70      5851
           9       0.74      0.56      0.64      5949

    accuracy                           0.77     60000
   macro avg       0.77      0.76      0.76     60000
weighted avg       0.77      0.77      0.76     60000

