       5805          0         10         26          8         12         30          3         22          7
          0       6611         42         22          2         20         10          6         27          2
         24          8       5596         69         30          6          6         39        166         14
          3          9         72       5715          5         63         16         44        142         62
          3         10         38         11       5576         13         36          7         41        107
          9          2         18         88         22       5197         29          6         32         18
         13          4         22          3          6         57       5803          0         10          0
          1         37         76         12         26          6          1       5983         70         53
          4         44         51        166         26         99         15         10       5371         65
         11          6         19        109         61         35          5         73         69       5561

              precision    recall  f1-score   support

           0       0.99      0.98      0.98      5923
           1       0.98      0.98      0.98      6742
           2       0.94      0.94      0.94      5958
           3       0.92      0.93      0.93      6131
           4       0.97      0.95      0.96      5842
           5       0.94      0.96      0.95      5421
           6       0.98      0.98      0.98      5918
           7       0.97      0.95      0.96      6265
           8       0.90      0.92      0.91      5851
           9       0.94      0.93      0.94      5949

    accuracy                           0.95     60000
   macro avg       0.95      0.95      0.95     60000
weighted avg       0.95      0.95      0.95     60000

