       5722          0         21         47         15         17         54          6         31         10
          3       6575         42         33          3         22         13          9         39          3
         37         25       5404         96         63          5         17         57        237         17
         11         22         99       5603          7         69         34         63        151         72
          5         35         50         24       5406          8         49         19         63        183
         26          5         31        222         53       4891         67         17         53         56
         30         11         40          7         12         71       5734          0         12          1
          7         74         74         13         46          2          4       5892         74         79
         21         64         83        279         38         96         40         22       5108        100
         21         22         32        123        142         28          6        158         83       5334

              precision    recall  f1-score   support

           0       0.97      0.97      0.97      5923
           1       0.96      0.98      0.97      6742
           2       0.92      0.91      0.91      5958
           3       0.87      0.91      0.89      6131
           4       0.93      0.93      0.93      5842
           5       0.94      0.90      0.92      5421
           6       0.95      0.97      0.96      5918
           7       0.94      0.94      0.94      6265
           8       0.87      0.87      0.87      5851
           9       0.91      0.90      0.90      5949

    accuracy                           0.93     60000
   macro avg       0.93      0.93      0.93     60000
weighted avg       0.93      0.93      0.93     60000

