       4735          7        128        527         20         11        231        162         78         24
         13       6140        128        178          1          1        104          5        171          1
         85         86       4205        617        174          3        135         84        545         24
         53         68        131       5254         23         14        132         81        304         71
         14        148        118         67       4233          9        111        126        177        839
        457         55        349       2101        172        670        390        255        675        297
         50         78        391        161        174         14       4909         86         50          5
         48        327         55         88        120          6         11       5242        270         98
         74         86        193        841         76         14         72        145       4056        294
         32        267         50        161       1202         16          9        603        206       3403

              precision    recall  f1-score   support

           0       0.85      0.80      0.82      5923
           1       0.85      0.91      0.88      6742
           2       0.73      0.71      0.72      5958
           3       0.53      0.86      0.65      6131
           4       0.68      0.72      0.70      5842
           5       0.88      0.12      0.22      5421
           6       0.80      0.83      0.82      5918
           7       0.77      0.84      0.80      6265
           8       0.62      0.69      0.66      5851
           9       0.67      0.57      0.62      5949

    accuracy                           0.71     60000
   macro avg       0.74      0.71      0.69     60000
weighted avg       0.74      0.71      0.70     60000

