       5827          0         10         18          6          8         27          3         19          5
          1       6628         40         26          2         11          8          7         16          3
         19          7       5681         41         23          1          4         36        136         10
          1          7         59       5835          6         26          8         42         94         53
          3         18         22          7       5654          3         22          8         30         75
          8          1          8         66         15       5257         28          7         18         13
          8          8         11          3          5         39       5834          0          9          1
          1         38         52          8         22          1          1       6050         38         54
          6         43         43        127         20         53         13          7       5486         53
          9         10         15        106         48         19          5         59         44       5634

              precision    recall  f1-score   support

           0       0.99      0.98      0.99      5923
           1       0.98      0.98      0.98      6742
           2       0.96      0.95      0.95      5958
           3       0.94      0.95      0.94      6131
           4       0.97      0.97      0.97      5842
           5       0.97      0.97      0.97      5421
           6       0.98      0.99      0.98      5918
           7       0.97      0.97      0.97      6265
           8       0.93      0.94      0.93      5851
           9       0.95      0.95      0.95      5949

    accuracy                           0.96     60000
   macro avg       0.96      0.96      0.96     60000
weighted avg       0.96      0.96      0.96     60000

