       5302          1         40        201         16         42        161         88         54         18
          5       6444        106         58          1         12         29         10         76          1
         58         88       4789        296        112          6         96         90        399         24
         30         71        132       5360         11         62         71         81        238         75
         14        126         82         60       4878          5         99         81        107        390
        174         58        173        769        157       3354        216        128        192        200
         56         62        132         44         36         77       5477          6         23          5
         32        244         66         55         76          6          8       5539        147         92
         51        113        122        535         55         86         92        112       4482        203
         26        178         40        151        516         29         11        440        127       4431

              precision    recall  f1-score   support

           0       0.92      0.90      0.91      5923
           1       0.87      0.96      0.91      6742
           2       0.84      0.80      0.82      5958
           3       0.71      0.87      0.78      6131
           4       0.83      0.83      0.83      5842
           5       0.91      0.62      0.74      5421
           6       0.87      0.93      0.90      5918
           7       0.84      0.88      0.86      6265
           8       0.77      0.77      0.77      5851
           9       0.81      0.74      0.78      5949

    accuracy                           0.83     60000
   macro avg       0.84      0.83      0.83     60000
weighted avg       0.84      0.83      0.83     60000

