       5027          0         88        362         21         61        156         89        104         15
         25       6330        123        102          1         27         28         11         93          2
         54         68       4509        428        105         25        168         76        495         30
         57         72        170       4936          4        236         65         86        414         91
         14         88        113         75       4481         27        148        109        146        641
        218         47        313        736        150       3088        155        132        315        267
         52         62        257        114         43         73       5266          4         42          5
         35        211         72         71        122         26         15       5315        217        181
         34         93        196        538         61        180         53         69       4404        223
         25        116         46        145        768         62         47        528        188       4024

              precision    recall  f1-score   support

           0       0.91      0.85      0.88      5923
           1       0.89      0.94      0.92      6742
           2       0.77      0.76      0.76      5958
           3       0.66      0.81      0.72      6131
           4       0.78      0.77      0.77      5842
           5       0.81      0.57      0.67      5421
           6       0.86      0.89      0.88      5918
           7       0.83      0.85      0.84      6265
           8       0.69      0.75      0.72      5851
           9       0.73      0.68      0.70      5949

    accuracy                           0.79     60000
   macro avg       0.79      0.79      0.79     60000
weighted avg       0.79      0.79      0.79     60000

