       5723          0         23         41         14         18         54         10         32          8
          1       6570         46         32          3         23         13          8         43          3
         35         27       5401         95         63          3         16         58        242         18
          8         21         99       5590          8         75         30         65        167         68
          5         38         51         20       5411          8         49         17         58        185
         26          5         36        208         53       4891         72         16         59         55
         28         14         37          7         13         73       5734          0         10          2
          8         72         75         14         43          5          3       5885         74         86
         23         62         85        279         36         94         42         26       5107         97
         23         21         32        123        147         24          5        162         81       5331

              precision    recall  f1-score   support

           0       0.97      0.97      0.97      5923
           1       0.96      0.97      0.97      6742
           2       0.92      0.91      0.91      5958
           3       0.87      0.91      0.89      6131
           4       0.93      0.93      0.93      5842
           5       0.94      0.90      0.92      5421
           6       0.95      0.97      0.96      5918
           7       0.94      0.94      0.94      6265
           8       0.87      0.87      0.87      5851
           9       0.91      0.90      0.90      5949

    accuracy                           0.93     60000
   macro avg       0.93      0.93      0.93     60000
weighted avg       0.93      0.93      0.93     60000

