       5268          0         41        202         15         50        157         93         72         25
          3       6469         79         49          1         10         31          9         90          1
         58         84       4800        262        122          9        110         92        401         20
         35         70        134       5349         11         71         73         87        228         73
         13        128         76         64       4820          9        106         80        119        427
        166         61        170        732        151       3316        230        156        221        218
         53         61        126         48         41         91       5461          9         23          5
         30        241         66         50         61          8         13       5557        147         92
         56        112        145        523         56         87         79        100       4493        200
         30        174         37        155        481         32         11        414        138       4477

              precision    recall  f1-score   support

           0       0.92      0.89      0.91      5923
           1       0.87      0.96      0.91      6742
           2       0.85      0.81      0.83      5958
           3       0.72      0.87      0.79      6131
           4       0.84      0.83      0.83      5842
           5       0.90      0.61      0.73      5421
           6       0.87      0.92      0.90      5918
           7       0.84      0.89      0.86      6265
           8       0.76      0.77      0.76      5851
           9       0.81      0.75      0.78      5949

    accuracy                           0.83     60000
   macro avg       0.84      0.83      0.83     60000
weighted avg       0.84      0.83      0.83     60000

