        507          0          0          0          0          0
       2348         39          0          0          0          0
       1973          0         37          0          0          0
      31628          0          0         55          0          0
       4706          0          0          0         54          0
       7708          1          0          0          0         67

              precision    recall  f1-score   support

           0       0.01      1.00      0.02       507
           1       0.97      0.02      0.03      2387
           2       1.00      0.02      0.04      2010
           3       1.00      0.00      0.00     31683
           4       1.00      0.01      0.02      4760
           5       1.00      0.01      0.02      7776

    accuracy                           0.02     49123
   macro avg       0.83      0.18      0.02     49123
weighted avg       0.99      0.02      0.01     49123



running time in seconds: 48.743

