        428         20          6          9         26         18
         61       1087        141        524        243        331
         47        252        806        604        113        188
       1564       2447       1850      14415       3487       7920
         65        255         97        722       2560       1061
        111        283        154       1402        753       5073

              precision    recall  f1-score   support

           0       0.19      0.84      0.31       507
           1       0.25      0.46      0.32      2387
           2       0.26      0.40      0.32      2010
           3       0.82      0.45      0.58     31683
           4       0.36      0.54      0.43      4760
           5       0.35      0.65      0.45      7776

    accuracy                           0.50     49123
   macro avg       0.37      0.56      0.40     49123
weighted avg       0.64      0.50      0.52     49123



running time in seconds: 42.304

