        448         13          3         15         22          6
         43       1355        208        345        232        204
          7        264       1040        409        113        177
        327       2776       2245      16524       3767       6044
         32        314        112        532       3202        568
         28        331        151       1044        944       5278

              precision    recall  f1-score   support

           0       0.51      0.88      0.64       507
           1       0.27      0.57      0.36      2387
           2       0.28      0.52      0.36      2010
           3       0.88      0.52      0.65     31683
           4       0.39      0.67      0.49      4760
           5       0.43      0.68      0.53      7776

    accuracy                           0.57     49123
   macro avg       0.46      0.64      0.51     49123
weighted avg       0.70      0.57      0.59     49123



running time in seconds: 73.735

