        507          0          0          0          0          0
          0       2387          0          0          0          0
          0          0       2010          0          0          0
          0          0          0      31683          0          0
          0          0          0          0       4760          0
          0          0          0          0          0       7776

              precision    recall  f1-score   support

           0       1.00      1.00      1.00       507
           1       1.00      1.00      1.00      2387
           2       1.00      1.00      1.00      2010
           3       1.00      1.00      1.00     31683
           4       1.00      1.00      1.00      4760
           5       1.00      1.00      1.00      7776

    accuracy                           1.00     49123
   macro avg       1.00      1.00      1.00     49123
weighted avg       1.00      1.00      1.00     49123



running time in seconds: 81.145

