        451         19          2         10         18          7
         21       1366        177        421        196        206
          2        222       1088        479         91        128
        273       2517       2429      15134       3838       7492
         31        253        107        589       2981        799
         28        360        165       1057        937       5229

              precision    recall  f1-score   support

           0       0.56      0.89      0.69       507
           1       0.29      0.57      0.38      2387
           2       0.27      0.54      0.36      2010
           3       0.86      0.48      0.61     31683
           4       0.37      0.63      0.47      4760
           5       0.38      0.67      0.48      7776

    accuracy                           0.53     49123
   macro avg       0.45      0.63      0.50     49123
weighted avg       0.68      0.53      0.56     49123



running time in seconds: 47.081

