        445         17          9          5         19         12
         60       1260        211        385        199        272
         23        322        961        446         94        164
        547       3554       2879      13578       3250       7875
        124        399        128        602       2459       1048
         75        426        249       1179        682       5165

              precision    recall  f1-score   support

           0       0.35      0.88      0.50       507
           1       0.21      0.53      0.30      2387
           2       0.22      0.48      0.30      2010
           3       0.84      0.43      0.57     31683
           4       0.37      0.52      0.43      4760
           5       0.36      0.66      0.46      7776

    accuracy                           0.49     49123
   macro avg       0.39      0.58      0.43     49123
weighted avg       0.66      0.49      0.51     49123



running time in seconds: 42.280

