        459         11          1         15         19          2
        582        920        117        371        199        198
        506        192        670        416         81        145
       7875       1647       1165      13081       3002       4913
        876        205         48        476       2640        515
       1326        189         81        911        796       4473

              precision    recall  f1-score   support

           0       0.04      0.91      0.08       507
           1       0.29      0.39      0.33      2387
           2       0.32      0.33      0.33      2010
           3       0.86      0.41      0.56     31683
           4       0.39      0.55      0.46      4760
           5       0.44      0.58      0.50      7776

    accuracy                           0.45     49123
   macro avg       0.39      0.53      0.37     49123
weighted avg       0.69      0.45      0.51     49123



running time in seconds: 74.543

