        475         10          1          4         14          3
        611        995        133        359        136        153
        487        176        787        417         53         90
       8700       1797       1644      11140       2797       5605
       1025        210         50        500       2327        648
       1749        276         97        831        766       4057

              precision    recall  f1-score   support

           0       0.04      0.94      0.07       507
           1       0.29      0.42      0.34      2387
           2       0.29      0.39      0.33      2010
           3       0.84      0.35      0.50     31683
           4       0.38      0.49      0.43      4760
           5       0.38      0.52      0.44      7776

    accuracy                           0.40     49123
   macro avg       0.37      0.52      0.35     49123
weighted avg       0.67      0.40      0.46     49123



running time in seconds: 48.184

