        477          9          1          2         16          2
         99       1599        263        173        161         92
         24        374       1244        201         65        102
       1119       4484       3760      13203       3525       5592
        205        535        217        304       3109        390
        196        626        359        649        980       4966

              precision    recall  f1-score   support

           0       0.23      0.94      0.36       507
           1       0.21      0.67      0.32      2387
           2       0.21      0.62      0.32      2010
           3       0.91      0.42      0.57     31683
           4       0.40      0.65      0.49      4760
           5       0.45      0.64      0.52      7776

    accuracy                           0.50     49123
   macro avg       0.40      0.66      0.43     49123
weighted avg       0.72      0.50      0.53     49123



running time in seconds: 74.000

