        448         21          5          4         20          9
        103       1188        406        225        225        240
         54        224       1168        285        114        165
       2154       3682       4252       8663       4398       8534
        195        413        233        476       2490        953
        312        517        369        855       1041       4682

              precision    recall  f1-score   support

           0       0.14      0.88      0.24       507
           1       0.20      0.50      0.28      2387
           2       0.18      0.58      0.28      2010
           3       0.82      0.27      0.41     31683
           4       0.30      0.52      0.38      4760
           5       0.32      0.60      0.42      7776

    accuracy                           0.38     49123
   macro avg       0.33      0.56      0.33     49123
weighted avg       0.63      0.38      0.40     49123



running time in seconds: 19.724

