        484          4          0          2          8          9
       1334        468         59        281        108        137
       1137        140        275        369         30         59
      19173        979        613       6027       1539       3352
       2459        113         18        426       1202        542
       4232        100         57        590        367       2430

              precision    recall  f1-score   support

           0       0.02      0.95      0.03       507
           1       0.26      0.20      0.22      2387
           2       0.27      0.14      0.18      2010
           3       0.78      0.19      0.31     31683
           4       0.37      0.25      0.30      4760
           5       0.37      0.31      0.34      7776

    accuracy                           0.22     49123
   macro avg       0.35      0.34      0.23     49123
weighted avg       0.62      0.22      0.30     49123



running time in seconds: 42.312

