      38564          4          0          0
        136        159          0          0
        130          0         19          0
          3          0          0         26

              precision    recall  f1-score   support

           0       0.99      1.00      1.00     38568
           1       0.98      0.54      0.69       295
           2       1.00      0.13      0.23       149
           3       1.00      0.90      0.95        29

    accuracy                           0.99     39041
   macro avg       0.99      0.64      0.72     39041
weighted avg       0.99      0.99      0.99     39041

