      38563          4          1          0
        153        142          0          0
        138          0         11          0
          3          0          0         26

              precision    recall  f1-score   support

           0       0.99      1.00      1.00     38568
           1       0.97      0.48      0.64       295
           2       0.92      0.07      0.14       149
           3       1.00      0.90      0.95        29

    accuracy                           0.99     39041
   macro avg       0.97      0.61      0.68     39041
weighted avg       0.99      0.99      0.99     39041

