      38568          0          0          0
         49        246          0          0
         67          0         82          0
          0          0          0         29

              precision    recall  f1-score   support

           0       1.00      1.00      1.00     38568
           1       1.00      0.83      0.91       295
           2       1.00      0.55      0.71       149
           3       1.00      1.00      1.00        29

    accuracy                           1.00     39041
   macro avg       1.00      0.85      0.90     39041
weighted avg       1.00      1.00      1.00     39041

