      38568          0          0          0
          0        295          0          0
          2          0        147          0
          0          0          0         29

              precision    recall  f1-score   support

           0       1.00      1.00      1.00     38568
           1       1.00      1.00      1.00       295
           2       1.00      0.99      0.99       149
           3       1.00      1.00      1.00        29

    accuracy                           1.00     39041
   macro avg       1.00      1.00      1.00     39041
weighted avg       1.00      1.00      1.00     39041

