        340         30          4         66         46         21
         12        662         81       1299        188        145
          2        348        255       1200        121         84
         52       3072        717      18624       2476       6742
          3        475         83       2019       1528        652
          7        541         79       2706        779       3664

              precision    recall  f1-score   support

           0       0.82      0.67      0.74       507
           1       0.13      0.28      0.18      2387
           2       0.21      0.13      0.16      2010
           3       0.72      0.59      0.65     31683
           4       0.30      0.32      0.31      4760
           5       0.32      0.47      0.38      7776

    accuracy                           0.51     49123
   macro avg       0.42      0.41      0.40     49123
weighted avg       0.57      0.51      0.53     49123



running time in seconds: 87.566

