        435         36          8         23          3          2
         46       1705        217        315         55         49
         12        983        669        260         42         44
        344       9515       4765      11807        582       4670
         39       1418        464       1858        689        292
         47       1467        627       3073        158       2404

              precision    recall  f1-score   support

           0       0.47      0.86      0.61       507
           1       0.11      0.71      0.19      2387
           2       0.10      0.33      0.15      2010
           3       0.68      0.37      0.48     31683
           4       0.45      0.14      0.22      4760
           5       0.32      0.31      0.32      7776

    accuracy                           0.36     49123
   macro avg       0.36      0.46      0.33     49123
weighted avg       0.55      0.36      0.40     49123



running time in seconds: 44.623

