        422         27          4         44          1          9
         43       1644        169        401         53         77
          9        909        645        373         25         49
        273       7879       3438      14140        583       5370
         29       1046        380       2168        705        432
         39       1117        581       2778         92       3169

              precision    recall  f1-score   support

           0       0.52      0.83      0.64       507
           1       0.13      0.69      0.22      2387
           2       0.12      0.32      0.18      2010
           3       0.71      0.45      0.55     31683
           4       0.48      0.15      0.23      4760
           5       0.35      0.41      0.38      7776

    accuracy                           0.42     49123
   macro avg       0.39      0.47      0.36     49123
weighted avg       0.58      0.42      0.46     49123



running time in seconds: 57.334

