        364         34         17         53         34          5
         24        868        367        840        219         69
          8        468        648        741        109         36
        257       5092       4866      17034       2805       1629
         60        832        446       1791       1332        299
         51        952        755       4063       1007        948

              precision    recall  f1-score   support

           0       0.48      0.72      0.57       507
           1       0.11      0.36      0.16      2387
           2       0.09      0.32      0.14      2010
           3       0.69      0.54      0.61     31683
           4       0.24      0.28      0.26      4760
           5       0.32      0.12      0.18      7776

    accuracy                           0.43     49123
   macro avg       0.32      0.39      0.32     49123
weighted avg       0.54      0.43      0.46     49123



running time in seconds: 32.210

