        336         54         19         60         17         21
         21       1182        273        398        134        379
         43        900        416        305         88        258
        595       9822       2636      10844       1455       6331
         81       1446        375       1604        558        696
        192       1377        323       3469        404       2011

              precision    recall  f1-score   support

           0       0.26      0.66      0.38       507
           1       0.08      0.50      0.14      2387
           2       0.10      0.21      0.14      2010
           3       0.65      0.34      0.45     31683
           4       0.21      0.12      0.15      4760
           5       0.21      0.26      0.23      7776

    accuracy                           0.31     49123
   macro avg       0.25      0.35      0.25     49123
weighted avg       0.48      0.31      0.36     49123



running time in seconds: 20.805

