        452          6          0         39         10          0
          7       1262         61        913         80         64
          1         57        945        949         27         31
          3        108        121      30880        197        374
          1         64         37       1561       2800        297
          0         57         32       2803        255       4629

              precision    recall  f1-score   support

           0       0.97      0.89      0.93       507
           1       0.81      0.53      0.64      2387
           2       0.79      0.47      0.59      2010
           3       0.83      0.97      0.90     31683
           4       0.83      0.59      0.69      4760
           5       0.86      0.60      0.70      7776

    accuracy                           0.83     49123
   macro avg       0.85      0.67      0.74     49123
weighted avg       0.83      0.83      0.82     49123



running time in seconds: 51.113

