        248         24          7         68         61         99
          9        546        141       1074        315        302
         13        294        247        995        256        205
        110       2573       1621      13001       3046      11332
         13        317         97       1596       1291       1446
         11        408        149       1926        661       4621

              precision    recall  f1-score   support

           0       0.61      0.49      0.54       507
           1       0.13      0.23      0.17      2387
           2       0.11      0.12      0.12      2010
           3       0.70      0.41      0.52     31683
           4       0.23      0.27      0.25      4760
           5       0.26      0.59      0.36      7776

    accuracy                           0.41     49123
   macro avg       0.34      0.35      0.33     49123
weighted avg       0.53      0.41      0.43     49123



running time in seconds: 45.420

