        386         28          9         35         23         26
         51       1111        119        570        302        234
         24        808        331        464        175        208
        482       7177       1526      11846       2857       7795
         90       1046         92       1124       1470        938
         86       1103         82       2374        836       3295

              precision    recall  f1-score   support

           0       0.34      0.76      0.47       507
           1       0.10      0.47      0.16      2387
           2       0.15      0.16      0.16      2010
           3       0.72      0.37      0.49     31683
           4       0.26      0.31      0.28      4760
           5       0.26      0.42      0.33      7776

    accuracy                           0.38     49123
   macro avg       0.31      0.42      0.32     49123
weighted avg       0.55      0.38      0.42     49123



running time in seconds: 45.342

