        348         32          7         58         41         21
         10        423         68       1346        252        288
          6        272        188       1221        183        140
         78       2076        632      19171       2961       6765
          6        343         87       2267       1348        709
          9        355         58       3398        878       3078

              precision    recall  f1-score   support

           0       0.76      0.69      0.72       507
           1       0.12      0.18      0.14      2387
           2       0.18      0.09      0.12      2010
           3       0.70      0.61      0.65     31683
           4       0.24      0.28      0.26      4760
           5       0.28      0.40      0.33      7776

    accuracy                           0.50     49123
   macro avg       0.38      0.37      0.37     49123
weighted avg       0.54      0.50      0.51     49123



running time in seconds: 72.905

