        464         23          2         15          2          1
        120       1800        216        199         34         18
         38       1015        717        205         18         17
       1148      10639       5225      11735        784       2152
        261       1647        545       1527        608        172
        278       1604       1014       3245        199       1436

              precision    recall  f1-score   support

           0       0.20      0.92      0.33       507
           1       0.11      0.75      0.19      2387
           2       0.09      0.36      0.15      2010
           3       0.69      0.37      0.48     31683
           4       0.37      0.13      0.19      4760
           5       0.38      0.18      0.25      7776

    accuracy                           0.34     49123
   macro avg       0.31      0.45      0.26     49123
weighted avg       0.55      0.34      0.39     49123



running time in seconds: 32.096

