        286         36         14         71         45         55
         10        850        196        912        243        176
          3        569        437        702        167        132
         89       4734       2349      14873       2215       7423
         10        586        217       1974       1061        912
          9        654        208       3009        585       3311

              precision    recall  f1-score   support

           0       0.70      0.56      0.63       507
           1       0.11      0.36      0.17      2387
           2       0.13      0.22      0.16      2010
           3       0.69      0.47      0.56     31683
           4       0.25      0.22      0.23      4760
           5       0.28      0.43      0.33      7776

    accuracy                           0.42     49123
   macro avg       0.36      0.38      0.35     49123
weighted avg       0.53      0.42      0.46     49123



running time in seconds: 45.153

