      32374          0          0          0          0          0          0          0          0          0
         72         47          0          0          0          0          0          0          0          0
       1767          0       1109          0          0          0          6          0          0         90
       1794          0          1          0          0          0          0          0          0          0
       1791          0          4          0          1          0          0          0          0          0
       1791          0          0          0          0          2          1          0          0          1
        740          0          1          0          0          0        401         23          0         35
        836          0         20          0          0          0         23        253         15         53
        853          0          4          0          0          0         41          6        145        146
       2531          0         86          0          0          0         15         25          4        748

              precision    recall  f1-score   support

           0       0.73      1.00      0.84     32374
           1       1.00      0.39      0.57       119
           2       0.91      0.37      0.53      2972
           3       0.00      0.00      0.00      1795
           4       1.00      0.00      0.00      1796
           5       1.00      0.00      0.00      1795
           6       0.82      0.33      0.48      1200
           7       0.82      0.21      0.34      1200
           8       0.88      0.12      0.21      1195
           9       0.70      0.22      0.33      3409

    accuracy                           0.73     47855
   macro avg       0.79      0.27      0.33     47855
weighted avg       0.74      0.73      0.65     47855



running time in seconds: 7.379

