      32374          0          0          0          0          0          0          0          0          0
         98         21          0          0          0          0          0          0          0          0
       2844          0        125          0          0          0          0          0          0          3
       1795          0          0          0          0          0          0          0          0          0
       1796          0          0          0          0          0          0          0          0          0
       1794          0          0          0          0          1          0          0          0          0
       1179          0          0          0          0          0         21          0          0          0
       1188          0          0          0          0          0          0          6          6          0
       1080          0          1          0          0          0          0          0         81         33
       3155          0          2          0          0          0          0          0          1        251

              precision    recall  f1-score   support

           0       0.68      1.00      0.81     32374
           1       1.00      0.18      0.30       119
           2       0.98      0.04      0.08      2972
           3       0.00      0.00      0.00      1795
           4       0.00      0.00      0.00      1796
           5       1.00      0.00      0.00      1795
           6       1.00      0.02      0.03      1200
           7       1.00      0.01      0.01      1200
           8       0.92      0.07      0.13      1195
           9       0.87      0.07      0.14      3409

    accuracy                           0.69     47855
   macro avg       0.75      0.14      0.15     47855
weighted avg       0.70      0.69      0.57     47855



running time in seconds: 2.106

