      32372          0          1          0          0          0          0          0          0          1
         71         48          0          0          0          0          0          0          0          0
       1726          0       1157          0          0          0          8          0          0         81
       1793          0          2          0          0          0          0          0          0          0
       1774          0         12          0         10          0          0          0          0          0
       1794          0          0          0          0          0          1          0          0          0
        712          0          3          0          0          0        421         26          0         38
        831          0         17          0          0          0         30        252         16         54
        839          0          4          0          0          0         43          8        160        141
       2509          0         81          0          0          0         18         29          3        769

              precision    recall  f1-score   support

           0       0.73      1.00      0.84     32374
           1       1.00      0.40      0.57       119
           2       0.91      0.39      0.54      2972
           3       0.00      0.00      0.00      1795
           4       1.00      0.01      0.01      1796
           5       0.00      0.00      0.00      1795
           6       0.81      0.35      0.49      1200
           7       0.80      0.21      0.33      1200
           8       0.89      0.13      0.23      1195
           9       0.71      0.23      0.34      3409

    accuracy                           0.74     47855
   macro avg       0.68      0.27      0.34     47855
weighted avg       0.70      0.74      0.66     47855



running time in seconds: 1.413

