      32374          0          0          0          0          0          0          0          0          0
          5        114          0          0          0          0          0          0          0          0
        395          0       2550         19          0          0          6          0          0          2
       1024          0          7        764          0          0          0          0          0          0
        607          0          9          1       1179          0          0          0          0          0
       1139          0          2          0          1        653          0          0          0          0
        232          0          0          0          0          0        960          8          0          0
        412          0          1          0          0          0         10        776          0          1
        581          0          0          0          0          0          5         10        578         21
       1226          0         24          0          0          0          1          0          0       2158

              precision    recall  f1-score   support

           0       0.85      1.00      0.92     32374
           1       1.00      0.96      0.98       119
           2       0.98      0.86      0.92      2972
           3       0.97      0.43      0.59      1795
           4       1.00      0.66      0.79      1796
           5       1.00      0.36      0.53      1795
           6       0.98      0.80      0.88      1200
           7       0.98      0.65      0.78      1200
           8       1.00      0.48      0.65      1195
           9       0.99      0.63      0.77      3409

    accuracy                           0.88     47855
   macro avg       0.98      0.68      0.78     47855
weighted avg       0.90      0.88      0.87     47855



running time in seconds: 1.796

