      32374          0          0          0          0          0          0          0          0          0
         38         81          0          0          0          0          0          0          0          0
       2509          0        451          0          0          0          0          0          0         12
       1794          0          0          1          0          0          0          0          0          0
       1787          0          0          0          9          0          0          0          0          0
       1782          0          0          0          0         13          0          0          0          0
       1054          0          0          0          0          0        143          1          0          2
       1055          0          0          0          0          0          0        145          0          0
        976          0          4          0          0          0          0          0        160         55
       2816          0          5          0          0          0          0          0          0        588

              precision    recall  f1-score   support

           0       0.70      1.00      0.82     32374
           1       1.00      0.68      0.81       119
           2       0.98      0.15      0.26      2972
           3       1.00      0.00      0.00      1795
           4       1.00      0.01      0.01      1796
           5       1.00      0.01      0.01      1795
           6       1.00      0.12      0.21      1200
           7       0.99      0.12      0.22      1200
           8       1.00      0.13      0.24      1195
           9       0.89      0.17      0.29      3409

    accuracy                           0.71     47855
   macro avg       0.96      0.24      0.29     47855
weighted avg       0.79      0.71      0.61     47855



running time in seconds: 1.211

