       5001          0         63         23          8        294        161         40        291         42
          0       6415         39         10          3         48         33         27        151         16
         49         25       4482        112         81        132        231        188        500        158
         24         10        124       4548         14        346         44        106        752        163
         13         17         69          4       4417         53        224         27        180        838
         60         18         54        190        103       3992        182        115        599        108
         58         17        112         15         22        142       5408          9        126          9
          8         77         77          4         61        112         22       5360         92        452
         12         45        114        172         16        210         56         45       5036        145
         21         26         38         62        385        122         43        218        158       4876

              precision    recall  f1-score   support

           0       0.95      0.84      0.90      5923
           1       0.96      0.95      0.96      6742
           2       0.87      0.75      0.81      5958
           3       0.88      0.74      0.81      6131
           4       0.86      0.76      0.81      5842
           5       0.73      0.74      0.73      5421
           6       0.84      0.91      0.88      5918
           7       0.87      0.86      0.86      6265
           8       0.64      0.86      0.73      5851
           9       0.72      0.82      0.76      5949

    accuracy                           0.83     60000
   macro avg       0.83      0.82      0.82     60000
weighted avg       0.84      0.83      0.83     60000

