       5479          0         17         32          6        123         85         37        100         44
          0       6567         21         18          5         37         20         22         41         11
         46          1       5291        129         42         23         55         97        193         81
         17          2         68       5335         10        148         31         78        319        123
         10          4         46          4       5133         34        131         34        100        346
         26          4         13        106         38       4739        102         56        278         59
         16          5         71         12         19         82       5678          4         31          0
          7         11         50         15         59         13          4       5889         33        184
         19         16         63         88          7        121         15         23       5477         22
         17          4          6         39        190         72          6         98         29       5488

              precision    recall  f1-score   support

           0       0.97      0.93      0.95      5923
           1       0.99      0.97      0.98      6742
           2       0.94      0.89      0.91      5958
           3       0.92      0.87      0.90      6131
           4       0.93      0.88      0.90      5842
           5       0.88      0.87      0.88      5421
           6       0.93      0.96      0.94      5918
           7       0.93      0.94      0.93      6265
           8       0.83      0.94      0.88      5851
           9       0.86      0.92      0.89      5949

    accuracy                           0.92     60000
   macro avg       0.92      0.92      0.92     60000
weighted avg       0.92      0.92      0.92     60000

