       5873          0          3          1          1         12          7          4         13          9
          0       6737          0          2          0          1          2          0          0          0
          0          0       5919         10          3          1          1          8         10          6
          0          0          4       6076          1         12          1          7         21          9
          0          0          0          0       5808          1         11          2          6         14
          2          0          0          6          1       5393          9          3          7          0
          0          0          2          1          2          2       5911          0          0          0
          0          2          4          2          2          0          0       6251          1          3
          0          2          4          9          0          8          0          0       5828          0
          0          1          1          1          4          4          0          1          1       5936

              precision    recall  f1-score   support

           0       1.00      0.99      1.00      5923
           1       1.00      1.00      1.00      6742
           2       1.00      0.99      1.00      5958
           3       0.99      0.99      0.99      6131
           4       1.00      0.99      1.00      5842
           5       0.99      0.99      0.99      5421
           6       0.99      1.00      1.00      5918
           7       1.00      1.00      1.00      6265
           8       0.99      1.00      0.99      5851
           9       0.99      1.00      1.00      5949

    accuracy                           1.00     60000
   macro avg       1.00      1.00      1.00     60000
weighted avg       1.00      1.00      1.00     60000

