       5331          0         23         19          9        177         80         35        190         59
          0       6471         34         15         12         56         33         23         85         13
         31         12       4945        116         64         53        172        139        314        112
         19          9         92       5038          7        242         27         71        456        170
          9          6         20          0       4973         23        134         26        114        537
         26          6         31        105         51       4609        118         61        308        106
         33          7         87          9         18         71       5587          7         90          9
          8         14         54          4         56         23          8       5784         47        267
          7         34         63        114         11        150         26         36       5341         69
         20          6         13         38        196         59          9        174         78       5356

              precision    recall  f1-score   support

           0       0.97      0.90      0.93      5923
           1       0.99      0.96      0.97      6742
           2       0.92      0.83      0.87      5958
           3       0.92      0.82      0.87      6131
           4       0.92      0.85      0.88      5842
           5       0.84      0.85      0.85      5421
           6       0.90      0.94      0.92      5918
           7       0.91      0.92      0.92      6265
           8       0.76      0.91      0.83      5851
           9       0.80      0.90      0.85      5949

    accuracy                           0.89     60000
   macro avg       0.89      0.89      0.89     60000
weighted avg       0.90      0.89      0.89     60000

