       5852          0          5          3          1         14         14          8         15         11
          0       6728          2          2          0          4          2          1          1          2
          1          0       5900         10          6          2          1          7         21         10
          1          0          5       6025          2         24          1         17         32         24
          0          0          4          1       5775          3         12          3          8         36
          1          0          0          9          2       5374         13          3         18          1
          2          0          4          2          3          5       5902          0          0          0
          0          3          2          3          2          0          0       6240          1         14
          0          2          5         13          0          9          0          0       5821          1
          3          0          0          3         17          5          0          1          0       5920

              precision    recall  f1-score   support

           0       1.00      0.99      0.99      5923
           1       1.00      1.00      1.00      6742
           2       1.00      0.99      0.99      5958
           3       0.99      0.98      0.99      6131
           4       0.99      0.99      0.99      5842
           5       0.99      0.99      0.99      5421
           6       0.99      1.00      1.00      5918
           7       0.99      1.00      0.99      6265
           8       0.98      0.99      0.99      5851
           9       0.98      1.00      0.99      5949

    accuracy                           0.99     60000
   macro avg       0.99      0.99      0.99     60000
weighted avg       0.99      0.99      0.99     60000

