       5904          0          1          1          1          4          1          4          3          4
          0       6742          0          0          0          0          0          0          0          0
          0          0       5947          0          0          1          0          6          2          2
          0          0          2       6129          0          0          0          0          0          0
          1          0          0          0       5837          0          0          2          1          1
          0          0          0          0          0       5414          2          2          3          0
          0          1          0          0          0          0       5917          0          0          0
          0          2          0          0          0          0          0       6261          0          2
          0          5          1          0          0          8          0          1       5836          0
          0          1          0          0          1          2          0          2          0       5943

              precision    recall  f1-score   support

           0       1.00      1.00      1.00      5923
           1       1.00      1.00      1.00      6742
           2       1.00      1.00      1.00      5958
           3       1.00      1.00      1.00      6131
           4       1.00      1.00      1.00      5842
           5       1.00      1.00      1.00      5421
           6       1.00      1.00      1.00      5918
           7       1.00      1.00      1.00      6265
           8       1.00      1.00      1.00      5851
           9       1.00      1.00      1.00      5949

    accuracy                           1.00     60000
   macro avg       1.00      1.00      1.00     60000
weighted avg       1.00      1.00      1.00     60000

