       4662          0         73         30          8        404        154        107        420         65
          0       6244         94          7          2         69         79        102        119         26
         44         40       3930        107         70         95        354        294        850        174
         25         24         92       4108          6        459         90        103       1046        178
         12         24          7          0       3989         36        258         52        318       1146
         81         33         99        250        147       3693        210        173        552        183
         47         42        132         15          6        143       5284         13        220         16
         18         86         38          2         53         22         19       5449        122        456
         13         47        111        187         24        131         44         79       5042        173
         28         31          2         36        371         60         37        359        188       4837

              precision    recall  f1-score   support

           0       0.95      0.79      0.86      5923
           1       0.95      0.93      0.94      6742
           2       0.86      0.66      0.75      5958
           3       0.87      0.67      0.76      6131
           4       0.85      0.68      0.76      5842
           5       0.72      0.68      0.70      5421
           6       0.81      0.89      0.85      5918
           7       0.81      0.87      0.84      6265
           8       0.57      0.86      0.68      5851
           9       0.67      0.81      0.73      5949

    accuracy                           0.79     60000
   macro avg       0.80      0.78      0.79     60000
weighted avg       0.81      0.79      0.79     60000

