       5619          0          7         15          4         77         61         32         72         36
          0       6633         23         16          2         22         11         12         21          2
         23          0       5601         66         26         13         28         56        104         41
         16          0         35       5615          4        117         18         56        184         86
          7          0         14          1       5471         18         65         19         48        199
         17          1          2         64         18       5122         54         19         96         28
         13          0         19          2         10         32       5829          1         12          0
          1          3         35         16         32          5          2       6085         10         76
         13          7         38         48          5         65          6          4       5657          8
         10          4          4         30         79         40          2         40          9       5731

              precision    recall  f1-score   support

           0       0.98      0.95      0.97      5923
           1       1.00      0.98      0.99      6742
           2       0.97      0.94      0.95      5958
           3       0.96      0.92      0.94      6131
           4       0.97      0.94      0.95      5842
           5       0.93      0.94      0.94      5421
           6       0.96      0.98      0.97      5918
           7       0.96      0.97      0.97      6265
           8       0.91      0.97      0.94      5851
           9       0.92      0.96      0.94      5949

    accuracy                           0.96     60000
   macro avg       0.96      0.96      0.96     60000
weighted avg       0.96      0.96      0.96     60000

