         98          0          0          1          2          2
          9        127         14        356          2         90
          1         32         54        455          3         55
       7800        537        448      62451        454       7902
         25          2         10        220        300        622
         17         15         11        584        100       1672

              precision    recall  f1-score   support

           0       0.01      0.95      0.02       103
           1       0.18      0.21      0.19       598
           2       0.10      0.09      0.09       600
           3       0.97      0.78      0.87     79592
           4       0.35      0.25      0.29      1179
           5       0.16      0.70      0.26      2399

    accuracy                           0.77     84471
   macro avg       0.30      0.50      0.29     84471
weighted avg       0.93      0.77      0.83     84471



running time in seconds: 110.311

