         96          1          0          5          1          0
          3         34          7        533          1         20
          0         10         30        544          0         16
       7412         96        203      69406         84       2391
         21          0          5        436        219        498
         14          4          2       1107         33       1239

              precision    recall  f1-score   support

           0       0.01      0.93      0.03       103
           1       0.23      0.06      0.09       598
           2       0.12      0.05      0.07       600
           3       0.96      0.87      0.92     79592
           4       0.65      0.19      0.29      1179
           5       0.30      0.52      0.38      2399

    accuracy                           0.84     84471
   macro avg       0.38      0.44      0.29     84471
weighted avg       0.93      0.84      0.88     84471



running time in seconds: 133.018

