         87          0          0         12          4          0
          0        208         15        375          0          0
          0         19        250        331          0          0
          1         24         61      79387         12        107
          0          0          0        277        783        119
          0          2          0        946         78       1373

              precision    recall  f1-score   support

           0       0.99      0.84      0.91       103
           1       0.82      0.35      0.49       598
           2       0.77      0.42      0.54       600
           3       0.98      1.00      0.99     79592
           4       0.89      0.66      0.76      1179
           5       0.86      0.57      0.69      2399

    accuracy                           0.97     84471
   macro avg       0.88      0.64      0.73     84471
weighted avg       0.97      0.97      0.97     84471



running time in seconds: 110.988

