         97          1          0          4          1          0
          4         53         13        499          1         28
          0         19         49        514          0         18
       7177        182        253      69381        118       2481
         20          2          6        439        234        478
         14          5          1       1087         41       1251

              precision    recall  f1-score   support

           0       0.01      0.94      0.03       103
           1       0.20      0.09      0.12       598
           2       0.15      0.08      0.11       600
           3       0.96      0.87      0.92     79592
           4       0.59      0.20      0.30      1179
           5       0.29      0.52      0.38      2399

    accuracy                           0.84     84471
   macro avg       0.37      0.45      0.31     84471
weighted avg       0.93      0.84      0.88     84471



running time in seconds: 133.236

