         99          0          0          3          0          1
          3         87         19        481          0          8
          1         29         66        498          0          6
       6456        186        357      70676        316       1601
         20          1         11        339        540        268
         13          5          3        991        369       1018

              precision    recall  f1-score   support

           0       0.02      0.96      0.03       103
           1       0.28      0.15      0.19       598
           2       0.14      0.11      0.12       600
           3       0.97      0.89      0.93     79592
           4       0.44      0.46      0.45      1179
           5       0.35      0.42      0.38      2399

    accuracy                           0.86     84471
   macro avg       0.37      0.50      0.35     84471
weighted avg       0.93      0.86      0.89     84471



running time in seconds: 152.278

