        101          0          0          1          1          0
          9        212         32        296          4         45
          3         68        111        381          2         35
       1840       1705       1013      68042        562       6430
         22         16         13        192        436        500
         18         36         10        614        164       1557

              precision    recall  f1-score   support

           0       0.05      0.98      0.10       103
           1       0.10      0.35      0.16       598
           2       0.09      0.18      0.12       600
           3       0.98      0.85      0.91     79592
           4       0.37      0.37      0.37      1179
           5       0.18      0.65      0.28      2399

    accuracy                           0.83     84471
   macro avg       0.30      0.57      0.33     84471
weighted avg       0.93      0.83      0.88     84471



running time in seconds: 110.173

