         99          0          0          3          1          0
          1        390          7        200          0          0
          0         26        407        167          0          0
          0         42         45      79408         15         82
          0          2          1        154        970         52
          0         10         10        563         49       1767

              precision    recall  f1-score   support

           0       0.99      0.96      0.98       103
           1       0.83      0.65      0.73       598
           2       0.87      0.68      0.76       600
           3       0.99      1.00      0.99     79592
           4       0.94      0.82      0.88      1179
           5       0.93      0.74      0.82      2399

    accuracy                           0.98     84471
   macro avg       0.92      0.81      0.86     84471
weighted avg       0.98      0.98      0.98     84471



running time in seconds: 70.651

