         48          2          1         39         10          3
          0        211         89        129          6        163
          0        109        213        155          6        117
         85       5421       3277      41560       3850      25399
          0         22         29         74        324        730
          0         47         35        166         85       2066

              precision    recall  f1-score   support

           0       0.36      0.47      0.41       103
           1       0.04      0.35      0.07       598
           2       0.06      0.35      0.10       600
           3       0.99      0.52      0.68     79592
           4       0.08      0.27      0.12      1179
           5       0.07      0.86      0.13      2399

    accuracy                           0.53     84471
   macro avg       0.27      0.47      0.25     84471
weighted avg       0.93      0.53      0.65     84471



running time in seconds: 34.109

