         97          0          0          5          0          1
          4         58         16        515          0          5
          0         15         55        525          0          5
       6752         68        244      70813        160       1555
         21          0          7        398        393        360
         13          3          3       1066        197       1117

              precision    recall  f1-score   support

           0       0.01      0.94      0.03       103
           1       0.40      0.10      0.16       598
           2       0.17      0.09      0.12       600
           3       0.97      0.89      0.93     79592
           4       0.52      0.33      0.41      1179
           5       0.37      0.47      0.41      2399

    accuracy                           0.86     84471
   macro avg       0.41      0.47      0.34     84471
weighted avg       0.93      0.86      0.89     84471



running time in seconds: 152.076

