         96          0          0          6          1          0
          4         25          6        543          2         18
          1          4         19        563          0         13
       7649         42        125      69355         75       2346
         22          0          4        469        191        493
         12          3          1       1150         20       1213

              precision    recall  f1-score   support

           0       0.01      0.93      0.02       103
           1       0.34      0.04      0.07       598
           2       0.12      0.03      0.05       600
           3       0.96      0.87      0.91     79592
           4       0.66      0.16      0.26      1179
           5       0.30      0.51      0.37      2399

    accuracy                           0.84     84471
   macro avg       0.40      0.42      0.28     84471
weighted avg       0.93      0.84      0.88     84471



running time in seconds: 132.913

