         95          0          0          6          2          0
          5         91         62        418          0         22
          1         22        143        425          0          9
       7354        798        832      65984        387       4237
         21          1          8        273        282        594
         13          8         17        719         57       1585

              precision    recall  f1-score   support

           0       0.01      0.92      0.03       103
           1       0.10      0.15      0.12       598
           2       0.13      0.24      0.17       600
           3       0.97      0.83      0.90     79592
           4       0.39      0.24      0.30      1179
           5       0.25      0.66      0.36      2399

    accuracy                           0.81     84471
   macro avg       0.31      0.51      0.31     84471
weighted avg       0.93      0.81      0.86     84471



running time in seconds: 111.074

