         96          1          0          5          1          0
          3         29         12        550          0          4
          0         13         32        550          0          5
       6958         34        125      70840        140       1495
         22          0          3        444        344        366
         12          2          1       1111        162       1111

              precision    recall  f1-score   support

           0       0.01      0.93      0.03       103
           1       0.37      0.05      0.09       598
           2       0.18      0.05      0.08       600
           3       0.96      0.89      0.93     79592
           4       0.53      0.29      0.38      1179
           5       0.37      0.46      0.41      2399

    accuracy                           0.86     84471
   macro avg       0.41      0.45      0.32     84471
weighted avg       0.93      0.86      0.89     84471



running time in seconds: 151.901

