        102          0          0          0          1          0
         10        423         40        108          0         17
          3        377        141         71          0          8
        700       7986       2256      63702        349       4599
         19         44         28        236        462        390
         14        176         55        551        174       1429

              precision    recall  f1-score   support

           0       0.12      0.99      0.21       103
           1       0.05      0.71      0.09       598
           2       0.06      0.23      0.09       600
           3       0.99      0.80      0.88     79592
           4       0.47      0.39      0.43      1179
           5       0.22      0.60      0.32      2399

    accuracy                           0.78     84471
   macro avg       0.32      0.62      0.34     84471
weighted avg       0.94      0.78      0.85     84471



running time in seconds: 109.433

