         74          4          0          2         28          5
          0        856         14        101         75         80
          0         75        188        177        132        196
          0         91         61       4279        111        133
          6         55          7         80       1976        259
          4        126         32        140        509       3976

              precision    recall  f1-score   support

           0       0.88      0.65      0.75       113
           1       0.71      0.76      0.73      1126
           2       0.62      0.24      0.35       768
           3       0.90      0.92      0.91      4675
           4       0.70      0.83      0.76      2383
           5       0.86      0.83      0.84      4787

    accuracy                           0.82     13852
   macro avg       0.78      0.71      0.72     13852
weighted avg       0.82      0.82      0.81     13852

