       4470          1        123         50         41         29         61          9          6         83
          0        459          0          0          0          0          0          0          0          0
        933         24       6274        884        840        680        492        396        424        644
        478          3        664       4854        896        311        442        350        358        584
        169         11        300        428       4095        412        188        190        174        339
        142          0        261        181        428       3070         47         63         55        131
         56          2         52         67         52         13       1989         75         34         60
          5          0         50         53         64         25         97       1912        161         33
         27          0         25         49         45         12         53        153       1853         96
        232          0        193        257        266         85        168         99        275       3888

              precision    recall  f1-score   support

           0       0.69      0.92      0.79      4873
           1       0.92      1.00      0.96       459
           2       0.79      0.54      0.64     11591
           3       0.71      0.54      0.62      8940
           4       0.61      0.65      0.63      6306
           5       0.66      0.70      0.68      4378
           6       0.56      0.83      0.67      2400
           7       0.59      0.80      0.68      2400
           8       0.55      0.80      0.66      2313
           9       0.66      0.71      0.69      5463

    accuracy                           0.67     49123
   macro avg       0.67      0.75      0.70     49123
weighted avg       0.69      0.67      0.66     49123



running time in seconds: 34.646

