       4785          0         18          4         15         14         21          6          2          8
          0        459          0          0          0          0          0          0          0          0
       1711         23       5526        551        944        763        599        414        439        621
        840          2        542       4232       1028        325        604        379        416        572
        319         17        203        176       4210        407        229        167        175        403
        247          0        182        105        435       3156         40         61         49        103
        131          2         36         21         33         15       2010         63         39         50
         10          0         38         14         59         22        139       1893        197         28
         60          0         19          8         38         14         54        159       1869         92
        509          1        138        125        230         92        227         76        280       3785

              precision    recall  f1-score   support

           0       0.56      0.98      0.71      4873
           1       0.91      1.00      0.95       459
           2       0.82      0.48      0.60     11591
           3       0.81      0.47      0.60      8940
           4       0.60      0.67      0.63      6306
           5       0.66      0.72      0.69      4378
           6       0.51      0.84      0.64      2400
           7       0.59      0.79      0.67      2400
           8       0.54      0.81      0.65      2313
           9       0.67      0.69      0.68      5463

    accuracy                           0.65     49123
   macro avg       0.67      0.74      0.68     49123
weighted avg       0.69      0.65      0.64     49123



running time in seconds: 32.126

