       4485         10        127          2         81         92         33         36          1          6
          6        447          0          0          1          0          3          2          0          0
       1804         89       2854        135        906       2944       1138        459        782        480
       1444         17        671       1724        702       1652       1080        588        665        397
        229         68        249        108       2342       1793        427        276        448        366
        372          1        124          2         69       3504        125        110         70          1
        326          3         44          2         52        275       1410        148        122         18
        255          4         79          2        100        150        247       1198        340         25
        387         10         86          0         93        227        151        124       1183         52
        930         14        163         16        289        908        452        147        550       1994

              precision    recall  f1-score   support

           0       0.44      0.92      0.59      4873
           1       0.67      0.97      0.80       459
           2       0.65      0.25      0.36     11591
           3       0.87      0.19      0.32      8940
           4       0.51      0.37      0.43      6306
           5       0.30      0.80      0.44      4378
           6       0.28      0.59      0.38      2400
           7       0.39      0.50      0.44      2400
           8       0.28      0.51      0.37      2313
           9       0.60      0.37      0.45      5463

    accuracy                           0.43     49123
   macro avg       0.50      0.55      0.46     49123
weighted avg       0.56      0.43      0.41     49123



running time in seconds: 94.089

