       4634          0         52         25          7         30         67         20         14         24
          0        459          0          0          0          0          0          0          0          0
       1610         34       4940       1117        747        723        706        442        511        761
        817          3        713       3726       1004        309        675        425        514        754
        346         25        284        489       3517        418        310        234        231        452
        260          0        251        271        596       2573         92         83         86        166
         89          4         74         77         82         36       1710        123         88        117
         18          0         55         51         77         39        221       1552        323         64
         36          2         57         35         42         23         99        237       1647        135
        490          3        239        246        290        113        270        150        439       3223

              precision    recall  f1-score   support

           0       0.56      0.95      0.70      4873
           1       0.87      1.00      0.93       459
           2       0.74      0.43      0.54     11591
           3       0.62      0.42      0.50      8940
           4       0.55      0.56      0.56      6306
           5       0.60      0.59      0.60      4378
           6       0.41      0.71      0.52      2400
           7       0.48      0.65      0.55      2400
           8       0.43      0.71      0.53      2313
           9       0.57      0.59      0.58      5463

    accuracy                           0.57     49123
   macro avg       0.58      0.66      0.60     49123
weighted avg       0.60      0.57      0.56     49123



running time in seconds: 33.794

