       4528          0        133         50         29         22         29          7         11         64
          0        459          0          0          0          0          0          0          0          0
        887         19       6458        921        665        711        559        402        357        612
        428          2        831       4698        842        327        465        362        388        597
        176         14        371        490       3803        456        212        205        193        386
        108          0        299        208        460       3033         46         44         61        119
         51          3         63         50         48         16       1966         81         47         75
          1          0         49         32         54         22        123       1882        184         53
         17          0         50         45         38         19         53        162       1806        123
        201          0        228        210        238         99        173        111        324       3879

              precision    recall  f1-score   support

           0       0.71      0.93      0.80      4873
           1       0.92      1.00      0.96       459
           2       0.76      0.56      0.64     11591
           3       0.70      0.53      0.60      8940
           4       0.62      0.60      0.61      6306
           5       0.64      0.69      0.67      4378
           6       0.54      0.82      0.65      2400
           7       0.58      0.78      0.67      2400
           8       0.54      0.78      0.64      2313
           9       0.66      0.71      0.68      5463

    accuracy                           0.66     49123
   macro avg       0.67      0.74      0.69     49123
weighted avg       0.68      0.66      0.66     49123



running time in seconds: 40.092

