       4080          2        209        113         91         67        153         17         26        115
          0        456          0          0          0          0          2          0          1          0
       1242         55       5060       1039        896        763        743        481        480        832
        631         12        849       3931        941        358        642        429        442        705
        285         45        487        583       3189        533        262        220        227        475
        208          0        449        250        541       2400        131        135        122        142
         72          8         98         91         98         49       1647        119        112        106
         23          2         64         91         98         60        218       1481        282         81
         49          4         89         85        102         40        111        297       1305        231
        389          8        325        359        360        154        357        204        419       2888

              precision    recall  f1-score   support

           0       0.58      0.84      0.69      4873
           1       0.77      0.99      0.87       459
           2       0.66      0.44      0.53     11591
           3       0.60      0.44      0.51      8940
           4       0.50      0.51      0.51      6306
           5       0.54      0.55      0.55      4378
           6       0.39      0.69      0.49      2400
           7       0.44      0.62      0.51      2400
           8       0.38      0.56      0.46      2313
           9       0.52      0.53      0.52      5463

    accuracy                           0.54     49123
   macro avg       0.54      0.62      0.56     49123
weighted avg       0.56      0.54      0.54     49123



running time in seconds: 20.330

