       4398          0        138         69         42         27         81         13         11         94
          0        459          0          0          0          0          0          0          0          0
       1120         36       5739        979        851        675        617        463        461        650
        509         12        783       4479        903        313        501        439        384        617
        234         17        390        506       3593        433        232        230        224        447
        160          0        318        216        452       2876         67         87         71        131
         70          2         72         71         70         28       1818        107         69         93
         16          0         63         60         55         41        142       1759        219         45
         33          1         61         71         52         19         64        213       1659        140
        262          1        254        287        258        113        193        135        360       3600

              precision    recall  f1-score   support

           0       0.65      0.90      0.75      4873
           1       0.87      1.00      0.93       459
           2       0.73      0.50      0.59     11591
           3       0.66      0.50      0.57      8940
           4       0.57      0.57      0.57      6306
           5       0.64      0.66      0.65      4378
           6       0.49      0.76      0.59      2400
           7       0.51      0.73      0.60      2400
           8       0.48      0.72      0.57      2313
           9       0.62      0.66      0.64      5463

    accuracy                           0.62     49123
   macro avg       0.62      0.70      0.65     49123
weighted avg       0.64      0.62      0.61     49123



running time in seconds: 33.390

