       4680          0         66         32         17         22         21          2          6         27
          0        459          0          0          0          0          0          0          0          0
        880         11       6861        971        766        652        353        287        278        532
        387          0        664       5424        757        292        331        290        288        507
        102          1        213        451       4398        398        147        134        143        319
        113          0        190        189        387       3345         34         20         29         71
         44          0         41         44         28         11       2110         54         29         39
          6          0         34         38         57         10         88       1982        160         25
          8          0         29         26         21          8         26        116       2003         76
        153          0        151        197        231         87        120         76        231       4217

              precision    recall  f1-score   support

           0       0.73      0.96      0.83      4873
           1       0.97      1.00      0.99       459
           2       0.83      0.59      0.69     11591
           3       0.74      0.61      0.67      8940
           4       0.66      0.70      0.68      6306
           5       0.69      0.76      0.73      4378
           6       0.65      0.88      0.75      2400
           7       0.67      0.83      0.74      2400
           8       0.63      0.87      0.73      2313
           9       0.73      0.77      0.75      5463

    accuracy                           0.72     49123
   macro avg       0.73      0.80      0.75     49123
weighted avg       0.73      0.72      0.72     49123



running time in seconds: 46.930

