         13          0          0          2          3          1
          5        102         13         70         52         57
          2         27         58         48         70         95
         14        332        190      14355       1523       1381
          2         31         32        220        672        233
          2         32         25        267        295       1184

              precision    recall  f1-score   support

           0       0.34      0.68      0.46        19
           1       0.19      0.34      0.25       299
           2       0.18      0.19      0.19       300
           3       0.96      0.81      0.88     17795
           4       0.26      0.56      0.35      1190
           5       0.40      0.66      0.50      1805

    accuracy                           0.77     21408
   macro avg       0.39      0.54      0.44     21408
weighted avg       0.85      0.77      0.80     21408

