         13          1          0          1          2          2
          5        111         14         45         69         55
          2         27         54         34         73        110
         10        337        186      13921       1723       1618
          2         24         27         93        824        220
          1         31         21        179        274       1299

              precision    recall  f1-score   support

           0       0.39      0.68      0.50        19
           1       0.21      0.37      0.27       299
           2       0.18      0.18      0.18       300
           3       0.98      0.78      0.87     17795
           4       0.28      0.69      0.40      1190
           5       0.39      0.72      0.51      1805

    accuracy                           0.76     21408
   macro avg       0.40      0.57      0.45     21408
weighted avg       0.87      0.76      0.79     21408

