         12          0          0          2          2          3
          3         84         12         67         74         59
          2         21         50         46         94         87
          9        339        201      14440       1421       1385
          2         13         20         85        916        154
          0         35         19        160        264       1327

              precision    recall  f1-score   support

           0       0.43      0.63      0.51        19
           1       0.17      0.28      0.21       299
           2       0.17      0.17      0.17       300
           3       0.98      0.81      0.89     17795
           4       0.33      0.77      0.46      1190
           5       0.44      0.74      0.55      1805

    accuracy                           0.79     21408
   macro avg       0.42      0.57      0.46     21408
weighted avg       0.87      0.79      0.81     21408

