         13          1          0          1          3          1
          5        112         13         51         56         62
          2         31         58         43         73         93
         12        323        216      13864       1635       1745
          2         38         33        181        687        249
          3         35         26        234        300       1207

              precision    recall  f1-score   support

           0       0.35      0.68      0.46        19
           1       0.21      0.37      0.27       299
           2       0.17      0.19      0.18       300
           3       0.96      0.78      0.86     17795
           4       0.25      0.58      0.35      1190
           5       0.36      0.67      0.47      1805

    accuracy                           0.74     21408
   macro avg       0.38      0.55      0.43     21408
weighted avg       0.85      0.74      0.78     21408

