         13          0          0          0          4          2
          4        119         16         33         78         49
          2         28         67         22        121         60
         13        387        272      13094       2272       1757
          2         32         32         92        880        152
          3         52         35        164        405       1146

              precision    recall  f1-score   support

           0       0.35      0.68      0.46        19
           1       0.19      0.40      0.26       299
           2       0.16      0.22      0.19       300
           3       0.98      0.74      0.84     17795
           4       0.23      0.74      0.36      1190
           5       0.36      0.63      0.46      1805

    accuracy                           0.72     21408
   macro avg       0.38      0.57      0.43     21408
weighted avg       0.86      0.72      0.76     21408

