        214        120         13         19         45          5
         19       1235         68         62        134         71
          9        558        359        364         62         41
         16        751       1255       8650        210        529
         42       1293        273        929       2748        387
          3       1383        297       1730        553       1604

              precision    recall  f1-score   support

           0       0.71      0.51      0.60       416
           1       0.23      0.78      0.36      1589
           2       0.16      0.26      0.20      1393
           3       0.74      0.76      0.75     11411
           4       0.73      0.48      0.58      5672
           5       0.61      0.29      0.39      5570

    accuracy                           0.57     26051
   macro avg       0.53      0.51      0.48     26051
weighted avg       0.65      0.57      0.58     26051



running time in seconds: 10.667

