        104        104         17         71        111          9
          3        768         40         97        523        158
          0        385        204        503        204         97
          6        301        205       9727        482        690
          7        520         59        988       3785        313
          2        447         75       1645        840       2561

              precision    recall  f1-score   support

           0       0.85      0.25      0.39       416
           1       0.30      0.48      0.37      1589
           2       0.34      0.15      0.20      1393
           3       0.75      0.85      0.80     11411
           4       0.64      0.67      0.65      5672
           5       0.67      0.46      0.55      5570

    accuracy                           0.66     26051
   macro avg       0.59      0.48      0.49     26051
weighted avg       0.66      0.66      0.65     26051



running time in seconds: 25.729

