         94        132         11         87         87          5
         43        920         14         60        392        160
         33        492        122        441        184        121
         34        470        200       9111        491       1105
         54        738         68        856       3441        515
         28        714         36       1447        801       2544

              precision    recall  f1-score   support

           0       0.33      0.23      0.27       416
           1       0.27      0.58      0.36      1589
           2       0.27      0.09      0.13      1393
           3       0.76      0.80      0.78     11411
           4       0.64      0.61      0.62      5672
           5       0.57      0.46      0.51      5570

    accuracy                           0.62     26051
   macro avg       0.47      0.46      0.45     26051
weighted avg       0.63      0.62      0.62     26051



running time in seconds: 13.101

