        217        126         14         22         29          8
         23       1128         83         50        199        106
         10        561        313        387         72         50
         15        852        999       8652        242        651
         74       1262        229        986       2697        424
          3       1103        277       1911        558       1718

              precision    recall  f1-score   support

           0       0.63      0.52      0.57       416
           1       0.22      0.71      0.34      1589
           2       0.16      0.22      0.19      1393
           3       0.72      0.76      0.74     11411
           4       0.71      0.48      0.57      5672
           5       0.58      0.31      0.40      5570

    accuracy                           0.57     26051
   macro avg       0.51      0.50      0.47     26051
weighted avg       0.63      0.57      0.57     26051



running time in seconds: 10.799

