        349          7          6         12         38          4
          6       1243         42         56        114        128
          2         78        951        308         18         36
          3         27         58      11052         78        193
         11        122         36        452       4884        167
          0         51         27        801        209       4482

              precision    recall  f1-score   support

           0       0.94      0.84      0.89       416
           1       0.81      0.78      0.80      1589
           2       0.85      0.68      0.76      1393
           3       0.87      0.97      0.92     11411
           4       0.91      0.86      0.89      5672
           5       0.89      0.80      0.85      5570

    accuracy                           0.88     26051
   macro avg       0.88      0.82      0.85     26051
weighted avg       0.88      0.88      0.88     26051



running time in seconds: 15.832

