        200        140         21         28         24          3
          9       1163         72         66        183         96
          1        596        241        416         72         67
          9       1043        874       8740        250        495
         32       1481        247       1125       2425        362
          0       1487        307       1991        502       1283

              precision    recall  f1-score   support

           0       0.80      0.48      0.60       416
           1       0.20      0.73      0.31      1589
           2       0.14      0.17      0.15      1393
           3       0.71      0.77      0.74     11411
           4       0.70      0.43      0.53      5672
           5       0.56      0.23      0.33      5570

    accuracy                           0.54     26051
   macro avg       0.52      0.47      0.44     26051
weighted avg       0.61      0.54      0.54     26051



running time in seconds: 10.894

