        402          1          1          0         10          2
          9       1468         17         18         28         49
          4         46       1206        123          8          6
          0         23         57      11086         65        180
         11         66         31        216       5257         91
          2         59         36        363         71       5039

              precision    recall  f1-score   support

           0       0.94      0.97      0.95       416
           1       0.88      0.92      0.90      1589
           2       0.89      0.87      0.88      1393
           3       0.94      0.97      0.95     11411
           4       0.97      0.93      0.95      5672
           5       0.94      0.90      0.92      5570

    accuracy                           0.94     26051
   macro avg       0.93      0.93      0.93     26051
weighted avg       0.94      0.94      0.94     26051



running time in seconds: 17.953

