        308         13          9         19         63          4
          5       1126         46         73        163        176
          2         85        839        393         29         45
          1         25         60      11056         78        191
         11        155         33        583       4689        201
          0         49         19        971        225       4306

              precision    recall  f1-score   support

           0       0.94      0.74      0.83       416
           1       0.77      0.71      0.74      1589
           2       0.83      0.60      0.70      1393
           3       0.84      0.97      0.90     11411
           4       0.89      0.83      0.86      5672
           5       0.87      0.77      0.82      5570

    accuracy                           0.86     26051
   macro avg       0.86      0.77      0.81     26051
weighted avg       0.86      0.86      0.85     26051



running time in seconds: 16.206

