        191         99         17         31         73          5
          3        930         61         94        352        149
          3        446        276        475        149         44
          4        364        418       9568        411        646
          8        642        122        842       3810        248
          6        550        114       1688        667       2545

              precision    recall  f1-score   support

           0       0.89      0.46      0.61       416
           1       0.31      0.59      0.40      1589
           2       0.27      0.20      0.23      1393
           3       0.75      0.84      0.79     11411
           4       0.70      0.67      0.68      5672
           5       0.70      0.46      0.55      5570

    accuracy                           0.66     26051
   macro avg       0.60      0.53      0.54     26051
weighted avg       0.68      0.66      0.66     26051



running time in seconds: 25.713

