        254         43          8         39         63          9
        158        659         70        116        311        275
         79        235        313        452        172        142
         89        205        302       9757        428        630
        270        422         71        898       3771        240
         63        355         75       1648        697       2732

              precision    recall  f1-score   support

           0       0.28      0.61      0.38       416
           1       0.34      0.41      0.38      1589
           2       0.37      0.22      0.28      1393
           3       0.76      0.86      0.80     11411
           4       0.69      0.66      0.68      5672
           5       0.68      0.49      0.57      5570

    accuracy                           0.67     26051
   macro avg       0.52      0.54      0.51     26051
weighted avg       0.67      0.67      0.66     26051



running time in seconds: 22.361

