        132          1          1          3          8          4
          1        354        303        119         82         79
          0         15        510         59          7          9
          9        927       3732       8266       1488        285
         41        152        314        426       1821        216
        384       2031       3842       2977       4128      15129

              precision    recall  f1-score   support

           0       0.23      0.89      0.37       149
           1       0.10      0.38      0.16       938
           2       0.06      0.85      0.11       600
           3       0.70      0.56      0.62     14707
           4       0.24      0.61      0.35      2970
           5       0.96      0.53      0.68     28491

    accuracy                           0.55     47855
   macro avg       0.38      0.64      0.38     47855
weighted avg       0.81      0.55      0.63     47855

