          0          0          0          0          0          0          0          0          0          0
          0         90        156          2          0          0         66         10          0          0
          0          2       4139        160        727          0        938        308        148        510
          0          0        715       1249       1020          0        108        155         74        478
          0          0        289        178       2220          1          9        128          0        300
          0          0         35         15        291          3          4         46          0        149
          0          1        248         28         53          0       2514        481         34        138
          0          0        110         20         74          0        377       1309        254        116
          0          0        122         44        137          0         24        324        689        456
          0          0        270         81        145          0        113        122        139       2905

              precision    recall  f1-score   support

           1       0.97      0.28      0.43       324
           2       0.68      0.60      0.64      6932
           3       0.70      0.33      0.45      3799
           4       0.48      0.71      0.57      3125
           5       0.75      0.01      0.01       543
           6       0.61      0.72      0.66      3497
           7       0.45      0.58      0.51      2260
           8       0.51      0.38      0.44      1796
           9       0.58      0.77      0.66      3775

    accuracy                           0.58     26051
   macro avg       0.64      0.49      0.48     26051
weighted avg       0.61      0.58      0.57     26051

