          0          0          0          0          0          0          0          0          0          0
          0        203         16          2         27         11         46          3          3         13
          0       1121        756        362       1618        400        919         28        129       1599
          0        498        199        633       1822        367         15          5         46        214
          0         63          3         66       2614        375          0          0          4          0
          0          2          1         26        307        207          0          0          0          0
          0        236        116         76        324        226       2120         42         34        323
          0        136        111         78        215        375       1001         78         86        180
          0         93        124        103        276        132        491         31         84        462
          0        173        254         92        718        203        640          7         64       1624

              precision    recall  f1-score   support

           1       0.08      0.63      0.14       324
           2       0.48      0.11      0.18      6932
           3       0.44      0.17      0.24      3799
           4       0.33      0.84      0.47      3125
           5       0.09      0.38      0.15       543
           6       0.41      0.61      0.49      3497
           7       0.40      0.03      0.06      2260
           8       0.19      0.05      0.07      1796
           9       0.37      0.43      0.40      3775

    accuracy                           0.32     26051
   macro avg       0.31      0.36      0.24     26051
weighted avg       0.39      0.32      0.28     26051

