          0          0          0          0          0          0          0          0          0          0
          0        269          4          5          3         14         18          0          6          5
          0        651        951        721       1371        528        924         12        258       1516
          0        100        118       1216       1649        544          8          0         34        130
          0         11          0         84       2426        603          0          0          1          0
          0          0          0         12        209        322          0          0          0          0
          0        206        129        165        217        191       2103        138         40        308
          0         90         68        197        175        163        845        424        148        150
          0         29         77        245        240        142        278        177        266        342
          0         71        192        284        635        283        308         51        119       1832

              precision    recall  f1-score   support

           1       0.19      0.83      0.31       324
           2       0.62      0.14      0.22      6932
           3       0.42      0.32      0.36      3799
           4       0.35      0.78      0.48      3125
           5       0.12      0.59      0.19       543
           6       0.47      0.60      0.53      3497
           7       0.53      0.19      0.28      2260
           8       0.31      0.15      0.20      1796
           9       0.43      0.49      0.45      3775

    accuracy                           0.38     26051
   macro avg       0.38      0.45      0.34     26051
weighted avg       0.46      0.38      0.35     26051

