          0          0          0          0          0          0          0          0          0          0
          0        269          7          7          0         14         16          1          4          6
          0        625       1057        652       1369        450        913         22        305       1539
          0         87        140       1218       1624        542          4          0         22        162
          0         12          1         98       2403        610          0          0          1          0
          0          1          0         16        204        322          0          0          0          0
          0        224        115        168        209        175       2134        118         38        316
          0         71         78        175        181        152        892        386        157        168
          0         24         87        214        232        144        332        135        264        364
          0         84        180        251        628        282        284         45        132       1889

              precision    recall  f1-score   support

           1       0.19      0.83      0.31       324
           2       0.63      0.15      0.25      6932
           3       0.44      0.32      0.37      3799
           4       0.35      0.77      0.48      3125
           5       0.12      0.59      0.20       543
           6       0.47      0.61      0.53      3497
           7       0.55      0.17      0.26      2260
           8       0.29      0.15      0.19      1796
           9       0.43      0.50      0.46      3775

    accuracy                           0.38     26051
   macro avg       0.38      0.45      0.34     26051
weighted avg       0.47      0.38      0.36     26051

