       5052          1         25          1         65          2          9          0          0         14
          0        266         38          2          0          0         21          0          0          0
          2          0       6105        264          1          0          2          0          0          2
        339          2        773       2874         15         26          9          0          0         12
        388          1         24        109       1256          0         24          0          1          9
       1601          0          7          5         11        170          2          0          0          0
          7          1        193         25          1          0        925          2          2         14
         10          0        308        258          8          0         49        174          4         82
          1          0        300        167          4          0         37          2        200        189
        553          1        730        465         15          0          5          1         11        919

              precision    recall  f1-score   support

           0       0.64      0.98      0.77      5169
           1       0.98      0.81      0.89       327
           2       0.72      0.96      0.82      6376
           3       0.69      0.71      0.70      4050
           4       0.91      0.69      0.79      1812
           5       0.86      0.09      0.17      1796
           6       0.85      0.79      0.82      1170
           7       0.97      0.19      0.32       893
           8       0.92      0.22      0.36       900
           9       0.74      0.34      0.47      2700

    accuracy                           0.71     25193
   macro avg       0.83      0.58      0.61     25193
weighted avg       0.75      0.71      0.67     25193



running time in seconds: 0.404

