       4901          0        268          0          0          0          0          0          0          0
          0          0        327          0          0          0          0          0          0          0
          5          0       6371          0          0          0          0          0          0          0
        628          0       3422          0          0          0          0          0          0          0
        856          0        956          0          0          0          0          0          0          0
       1666          0        130          0          0          0          0          0          0          0
          0          0       1075          0          0          0         95          0          0          0
          6          0        887          0          0          0          0          0          0          0
          0          0        900          0          0          0          0          0          0          0
        508          0       2192          0          0          0          0          0          0          0

              precision    recall  f1-score   support

           0       0.57      0.95      0.71      5169
           1       0.00      0.00      0.00       327
           2       0.39      1.00      0.56      6376
           3       0.00      0.00      0.00      4050
           4       0.00      0.00      0.00      1812
           5       0.00      0.00      0.00      1796
           6       1.00      0.08      0.15      1170
           7       0.00      0.00      0.00       893
           8       0.00      0.00      0.00       900
           9       0.00      0.00      0.00      2700

    accuracy                           0.45     25193
   macro avg       0.20      0.20      0.14     25193
weighted avg       0.26      0.45      0.29     25193



running time in seconds: 0.708

