       5161          0          5          0          3          0          0          0          0          0
          0        305         21          0          0          0          1          0          0          0
          1          0       6297         76          0          0          0          0          0          2
        316          0        737       2994          0          3          0          0          0          0
        450          0         20         26       1316          0          0          0          0          0
       1415          0          2         14          0        365          0          0          0          0
          2          0        127         25          0          0       1016          0          0          0
         17          0        428        224          0          0          0        201          0         23
          2          0        390        177          0          0          0          0        241         90
        452          0        590        210          0          0          0          0          0       1448

              precision    recall  f1-score   support

           0       0.66      1.00      0.79      5169
           1       1.00      0.93      0.97       327
           2       0.73      0.99      0.84      6376
           3       0.80      0.74      0.77      4050
           4       1.00      0.73      0.84      1812
           5       0.99      0.20      0.34      1796
           6       1.00      0.87      0.93      1170
           7       1.00      0.23      0.37       893
           8       1.00      0.27      0.42       900
           9       0.93      0.54      0.68      2700

    accuracy                           0.77     25193
   macro avg       0.91      0.65      0.69     25193
weighted avg       0.82      0.77      0.74     25193



running time in seconds: 6.963

