       5074          0         72          2         21          0          0          0          0          0
          1        165        161          0          0          0          0          0          0          0
         11          0       6133        232          0          0          0          0          0          0
        703          0       1500       1847          0          0          0          0          0          0
        775          0        100         14        923          0          0          0          0          0
       1758          0         24         10          2          2          0          0          0          0
         42          0        680         94          0          0        354          0          0          0
         49          0        631        212          0          0          0          0          0          1
         42          0        642        202          0          0          1          0          9          4
        608          0       1304        646          0          0          0          0          0        142

              precision    recall  f1-score   support

           0       0.56      0.98      0.71      5169
           1       1.00      0.50      0.67       327
           2       0.55      0.96      0.70      6376
           3       0.57      0.46      0.51      4050
           4       0.98      0.51      0.67      1812
           5       1.00      0.00      0.00      1796
           6       1.00      0.30      0.46      1170
           7       0.00      0.00      0.00       893
           8       1.00      0.01      0.02       900
           9       0.97      0.05      0.10      2700

    accuracy                           0.58     25193
   macro avg       0.76      0.38      0.38     25193
weighted avg       0.68      0.58      0.49     25193



running time in seconds: 0.247

