       5006          2         36          4         97          0         13          0          0         11
          0        221         83          1          1          0         21          0          0          0
         29          0       6075        264          6          0          2          0          0          0
        653          2        933       2399         37          0         19          0          0          7
        482          0         36         29       1229          0         29          0          0          7
       1763          0          7          4         20          0          2          0          0          0
         14          0        258        119         10          0        751          0          0         18
         13          0        413        322         12          0         77         29          0         27
          5          0        363        251         18          0         91          0         73         99
        578          0        939        767         24          0         10          0          2        380

              precision    recall  f1-score   support

           0       0.59      0.97      0.73      5169
           1       0.98      0.68      0.80       327
           2       0.66      0.95      0.78      6376
           3       0.58      0.59      0.58      4050
           4       0.85      0.68      0.75      1812
           5       0.00      0.00      0.00      1796
           6       0.74      0.64      0.69      1170
           7       1.00      0.03      0.06       893
           8       0.97      0.08      0.15       900
           9       0.69      0.14      0.23      2700

    accuracy                           0.64     25193
   macro avg       0.71      0.48      0.48     25193
weighted avg       0.63      0.64      0.57     25193



running time in seconds: 6.872

