       5074          0         70          2         23          0          0          0          0          0
          1        192        133          0          0          0          1          0          0          0
         23          0       6122        231          0          0          0          0          0          0
        659          0       1385       2006          0          0          0          0          0          0
        739          0         98         20        955          0          0          0          0          0
       1758          0         24         13          1          0          0          0          0          0
         27          0        699        113          0          0        331          0          0          0
         41          0        624        228          0          0          0          0          0          0
         49          0        632        206          0          0          0          0         10          3
        642          0       1268        663          0          0          0          0          0        127

              precision    recall  f1-score   support

           0       0.56      0.98      0.72      5169
           1       1.00      0.59      0.74       327
           2       0.55      0.96      0.70      6376
           3       0.58      0.50      0.53      4050
           4       0.98      0.53      0.68      1812
           5       0.00      0.00      0.00      1796
           6       1.00      0.28      0.44      1170
           7       0.00      0.00      0.00       893
           8       1.00      0.01      0.02       900
           9       0.98      0.05      0.09      2700

    accuracy                           0.59     25193
   macro avg       0.66      0.39      0.39     25193
weighted avg       0.62      0.59      0.50     25193



running time in seconds: 0.991

