       5164          0          2          0          2          1          0          0          0          0
          0        319          7          0          0          0          1          0          0          0
          0          0       6324         49          0          0          0          0          0          3
         25          0        357       3620          0         48          0          0          0          0
        222          0          1         55       1531          0          0          0          0          3
        419          0          0          0          0       1377          0          0          0          0
          0          0         54          3          0          0       1112          0          0          1
          1          0        130          8          0          0          0        742          0         12
          0          0        184          5          0          0          0          1        670         40
         62          0        346          4          0          0          0          0          0       2288

              precision    recall  f1-score   support

           0       0.88      1.00      0.93      5169
           1       1.00      0.98      0.99       327
           2       0.85      0.99      0.92      6376
           3       0.97      0.89      0.93      4050
           4       1.00      0.84      0.92      1812
           5       0.97      0.77      0.85      1796
           6       1.00      0.95      0.97      1170
           7       1.00      0.83      0.91       893
           8       1.00      0.74      0.85       900
           9       0.97      0.85      0.91      2700

    accuracy                           0.92     25193
   macro avg       0.96      0.88      0.92     25193
weighted avg       0.93      0.92      0.92     25193



running time in seconds: 0.943

