       5159          0          6          0          3          1          0          0          0          0
          0        305         21          0          0          0          1          0          0          0
          1          0       6296         78          0          0          0          0          0          1
        320          0        750       2975          0          5          0          0          0          0
        461          0         24         25       1302          0          0          0          0          0
       1408          0          1         15          0        372          0          0          0          0
          2          0        133         27          0          0       1008          0          0          0
         14          0        432        223          0          0          0        198          0         26
          2          0        395        182          0          0          0          0        234         87
        450          0        606        204          0          0          0          0          0       1440

              precision    recall  f1-score   support

           0       0.66      1.00      0.79      5169
           1       1.00      0.93      0.97       327
           2       0.73      0.99      0.84      6376
           3       0.80      0.73      0.76      4050
           4       1.00      0.72      0.84      1812
           5       0.98      0.21      0.34      1796
           6       1.00      0.86      0.93      1170
           7       1.00      0.22      0.36       893
           8       1.00      0.26      0.41       900
           9       0.93      0.53      0.68      2700

    accuracy                           0.77     25193
   macro avg       0.91      0.65      0.69     25193
weighted avg       0.82      0.77      0.74     25193



running time in seconds: 5.031

