       5037          0        132          0          0          0          0          0          0          0
          0          0        327          0          0          0          0          0          0          0
         52          0       6281         43          0          0          0          0          0          0
       1072          0       2103        875          0          0          0          0          0          0
       1282          0        409          2        119          0          0          0          0          0
       1751          0         45          0          0          0          0          0          0          0
         31          0        956          9          0          0        174          0          0          0
         44          0        789         60          0          0          0          0          0          0
         40          0        839         21          0          0          0          0          0          0
        666          0       1897        137          0          0          0          0          0          0

              precision    recall  f1-score   support

           0       0.50      0.97      0.67      5169
           1       0.00      0.00      0.00       327
           2       0.46      0.99      0.62      6376
           3       0.76      0.22      0.34      4050
           4       1.00      0.07      0.12      1812
           5       0.00      0.00      0.00      1796
           6       1.00      0.15      0.26      1170
           7       0.00      0.00      0.00       893
           8       0.00      0.00      0.00       900
           9       0.00      0.00      0.00      2700

    accuracy                           0.50     25193
   macro avg       0.37      0.24      0.20     25193
weighted avg       0.46      0.50      0.37     25193



running time in seconds: 0.867

