       5122          0         30          0         17          0          0          0          0          0
          0        268         58          0          0          0          1          0          0          0
          1          0       6212        163          0          0          0          0          0          0
        510          0       1120       2419          0          1          0          0          0          0
        549          0         60         25       1178          0          0          0          0          0
       1699          0         17         15          2         63          0          0          0          0
         12          0        369         75          0          0        714          0          0          0
         20          0        568        244          0          0          0         37          0         24
          5          0        561        240          0          0          0          0         45         49
        544          0        990        519          1          0          0          0          0        646

              precision    recall  f1-score   support

           0       0.61      0.99      0.75      5169
           1       1.00      0.82      0.90       327
           2       0.62      0.97      0.76      6376
           3       0.65      0.60      0.62      4050
           4       0.98      0.65      0.78      1812
           5       0.98      0.04      0.07      1796
           6       1.00      0.61      0.76      1170
           7       1.00      0.04      0.08       893
           8       1.00      0.05      0.10       900
           9       0.90      0.24      0.38      2700

    accuracy                           0.66     25193
   macro avg       0.87      0.50      0.52     25193
weighted avg       0.75      0.66      0.60     25193



running time in seconds: 1.114

