      41833          0          0          0          0          4          0          0          0          0
          0          0          0          0          0          0          0          0          0          0
          0          0          0          0          0          0          0          0          0          0
          0          0          0          0          0          0          0          0          0          0
        142          0          0          0         15         26          0          0          0          0
        296          0          0          0          0       1499          0          0          0          0
          0          0          0          0          0          0          0          0          0          0
          0          0          0          0          0          0          0          0          0          0
          0          0          0          0          0          0          0          0          0          0
          0          0          0          0          0          0          0          0          0          0

              precision    recall  f1-score   support

           0       0.99      1.00      0.99     41837
           4       1.00      0.08      0.15       183
           5       0.98      0.84      0.90      1795

    accuracy                           0.99     43815
   macro avg       0.99      0.64      0.68     43815
weighted avg       0.99      0.99      0.99     43815



running time in seconds: 1.024

