      41837          0          0          0          0          0          0          0          0          0
          0          0          0          0          0          0          0          0          0          0
          0          0          0          0          0          0          0          0          0          0
          0          0          0          0          0          0          0          0          0          0
        167          0          0          0         16          0          0          0          0          0
       1525          0          0          0          0        270          0          0          0          0
          0          0          0          0          0          0          0          0          0          0
          0          0          0          0          0          0          0          0          0          0
          0          0          0          0          0          0          0          0          0          0
          0          0          0          0          0          0          0          0          0          0

              precision    recall  f1-score   support

           0       0.96      1.00      0.98     41837
           4       1.00      0.09      0.16       183
           5       1.00      0.15      0.26      1795

    accuracy                           0.96     43815
   macro avg       0.99      0.41      0.47     43815
weighted avg       0.96      0.96      0.95     43815



running time in seconds: 0.391

