      41834          0          0          0          0          3          0          0          0          0
          0          0          0          0          0          0          0          0          0          0
          0          0          0          0          0          0          0          0          0          0
          0          0          0          0          0          0          0          0          0          0
        136          0          0          0         18         29          0          0          0          0
        266          0          0          0          0       1529          0          0          0          0
          0          0          0          0          0          0          0          0          0          0
          0          0          0          0          0          0          0          0          0          0
          0          0          0          0          0          0          0          0          0          0
          0          0          0          0          0          0          0          0          0          0

              precision    recall  f1-score   support

           0       0.99      1.00      1.00     41837
           4       1.00      0.10      0.18       183
           5       0.98      0.85      0.91      1795

    accuracy                           0.99     43815
   macro avg       0.99      0.65      0.70     43815
weighted avg       0.99      0.99      0.99     43815



running time in seconds: 7.543

