      41704          1        963        698        563       2331        245        302        352       1930
          0         52          0          0          0          0          1          0          0          0
       1791          2       1612        119         38          9         13         12          3          1
        888          0        200       1933        120          2          6          2          1          0
        192          0         76         42       1041        449          0          0          0          0
         40          0          6          8         45       1694          0          0          1          1
        112          0         27          8          1          0        359         18          0          2
         36          0          5          1          0          0          7        512         34          0
         21          0          1          3          0          0          6         27        500         42
         79          0          0          1          1          1         15         34         68       1601

              precision    recall  f1-score   support

           0       0.93      0.85      0.89     49089
           1       0.95      0.98      0.96        53
           2       0.56      0.45      0.50      3600
           3       0.69      0.61      0.65      3152
           4       0.58      0.58      0.58      1800
           5       0.38      0.94      0.54      1795
           6       0.55      0.68      0.61       527
           7       0.56      0.86      0.68       595
           8       0.52      0.83      0.64       600
           9       0.45      0.89      0.60      1800

    accuracy                           0.81     63011
   macro avg       0.62      0.77      0.66     63011
weighted avg       0.85      0.81      0.82     63011



running time in seconds: 12.445

