      48818          0         77         62         21         60          9          3          4         35
          2         49          0          0          0          0          2          0          0          0
       1286          2       2221         78          9          0          3          1          0          0
        694          0         58       2339         59          0          2          0          0          0
        295          0         21         25       1360         99          0          0          0          0
        228          0          2          3         86       1472          0          0          1          3
        174          0          6          3          2          0        321         15          2          4
         45          0          6          1          1          0         10        503         28          1
         22          0          0          1          1          0          1         26        493         56
         57          0          0          0          0          0          0          4         15       1724

              precision    recall  f1-score   support

           0       0.95      0.99      0.97     49089
           1       0.96      0.92      0.94        53
           2       0.93      0.62      0.74      3600
           3       0.93      0.74      0.83      3152
           4       0.88      0.76      0.81      1800
           5       0.90      0.82      0.86      1795
           6       0.92      0.61      0.73       527
           7       0.91      0.85      0.88       595
           8       0.91      0.82      0.86       600
           9       0.95      0.96      0.95      1800

    accuracy                           0.94     63011
   macro avg       0.92      0.81      0.86     63011
weighted avg       0.94      0.94      0.94     63011



running time in seconds: 109.846

