      40158          3       1136        793        571       2857        383        471        492       2225
          0         51          0          0          0          0          2          0          0          0
       1590          3       1767        126         45          2         34         23          9          1
        791          0        177       2019        152          2          6          5          0          0
        167          0         59         33       1110        428          1          0          0          2
         16          0          7         12         85       1672          0          1          1          1
         71          1         16          9          0          0        403         20          3          4
         16          0         10          1          0          0         16        526         26          0
         15          0          1          2          0          0          2         34        515         31
         57          0          0          1          1          1         20         33         53       1634

              precision    recall  f1-score   support

           0       0.94      0.82      0.87     49089
           1       0.88      0.96      0.92        53
           2       0.56      0.49      0.52      3600
           3       0.67      0.64      0.66      3152
           4       0.57      0.62      0.59      1800
           5       0.34      0.93      0.49      1795
           6       0.46      0.76      0.58       527
           7       0.47      0.88      0.62       595
           8       0.47      0.86      0.61       600
           9       0.42      0.91      0.57      1800

    accuracy                           0.79     63011
   macro avg       0.58      0.79      0.64     63011
weighted avg       0.85      0.79      0.81     63011



running time in seconds: 47.464

