      39274         30       1289        964        941       2797        388        893        510       2003
          0         53          0          0          0          0          0          0          0          0
       1798          4       1456        139         93         13         42         50          3          2
        869          1        212       1847        181          4         13         25          0          0
        222          0         84         63        871        554          0          3          2          1
         62          0          8         12         70       1635          0          5          1          2
        111          5         27         15          2          1        317         45          1          3
         18          0          3          4          0          0         10        546         13          1
         20          0          4          3          1          0         15        131        397         29
        200          0          3          2          1         11         24         71        123       1365

              precision    recall  f1-score   support

           0       0.92      0.80      0.86     49089
           1       0.57      1.00      0.73        53
           2       0.47      0.40      0.44      3600
           3       0.61      0.59      0.60      3152
           4       0.40      0.48      0.44      1800
           5       0.33      0.91      0.48      1795
           6       0.39      0.60      0.47       527
           7       0.31      0.92      0.46       595
           8       0.38      0.66      0.48       600
           9       0.40      0.76      0.52      1800

    accuracy                           0.76     63011
   macro avg       0.48      0.71      0.55     63011
weighted avg       0.82      0.76      0.78     63011



running time in seconds: 36.448

