      39314          4        788        595        632       4349        450        972        916       1069
          0         50          0          0          0          0          3          0          0          0
       1941          4       1202        218         92         17         48         68          9          1
       1038          0        114       1749        208          1         14         27          1          0
        164          0         34         78        816        701          4          0          1          2
         27          0          2          4         37       1717          0          5          1          2
         87          0         20          6          8          1        334         58          5          8
         20          0          3          1          0          1          4        535         31          0
          9          0          0          3          2          0          2         61        456         67
        148          0          0          3          0         19         10         50         99       1471

              precision    recall  f1-score   support

           0       0.92      0.80      0.86     49089
           1       0.86      0.94      0.90        53
           2       0.56      0.33      0.42      3600
           3       0.66      0.55      0.60      3152
           4       0.45      0.45      0.45      1800
           5       0.25      0.96      0.40      1795
           6       0.38      0.63      0.48       527
           7       0.30      0.90      0.45       595
           8       0.30      0.76      0.43       600
           9       0.56      0.82      0.67      1800

    accuracy                           0.76     63011
   macro avg       0.52      0.72      0.57     63011
weighted avg       0.83      0.76      0.78     63011



running time in seconds: 12.521

