      37396          3        610        610        608       5479        588        747       1011       2037
          1         49          0          0          0          0          3          0          0          0
       1938          4       1221        184         96         22         88         29         14          4
        940          0         89       1859        217          1         28         17          1          0
        161          0         22         57        900        651          3          1          0          5
         34          0          1          3         38       1713          0          4          1          1
        103          0         10          6          2          1        348         40          7         10
         25          0          0          1          0          0         18        504         45          2
          9          0          1          4          1          0          3         34        481         67
         93          0          0          3          1         29         10         26        103       1535

              precision    recall  f1-score   support

           0       0.92      0.76      0.83     49089
           1       0.88      0.92      0.90        53
           2       0.62      0.34      0.44      3600
           3       0.68      0.59      0.63      3152
           4       0.48      0.50      0.49      1800
           5       0.22      0.95      0.35      1795
           6       0.32      0.66      0.43       527
           7       0.36      0.85      0.50       595
           8       0.29      0.80      0.43       600
           9       0.42      0.85      0.56      1800

    accuracy                           0.73     63011
   macro avg       0.52      0.72      0.56     63011
weighted avg       0.83      0.73      0.76     63011



running time in seconds: 14.722

