      41594          9        968        981        573       2725        332        570        357        980
          0         52          0          0          0          0          1          0          0          0
       1966          3       1381        118         70         11         23         24          1          3
       1016          0        224       1732        162          1          9          7          1          0
        245          0         63         43       1004        441          1          1          0          2
         56          0          7          8        101       1620          1          1          0          1
        120          1         30         20          2          1        319         28          1          5
         28          0          7          3          0          1         16        527         12          1
         27          0          2          2          2          0         15        100        424         28
        244          0          0          1          4          3         15         46        105       1382

              precision    recall  f1-score   support

           0       0.92      0.85      0.88     49089
           1       0.80      0.98      0.88        53
           2       0.51      0.38      0.44      3600
           3       0.60      0.55      0.57      3152
           4       0.52      0.56      0.54      1800
           5       0.34      0.90      0.49      1795
           6       0.44      0.61      0.51       527
           7       0.40      0.89      0.56       595
           8       0.47      0.71      0.56       600
           9       0.58      0.77      0.66      1800

    accuracy                           0.79     63011
   macro avg       0.56      0.72      0.61     63011
weighted avg       0.83      0.79      0.80     63011



running time in seconds: 9.001

