        491       8488      23993        916          1      20415       6014       1985       4019       2737
          0         85          0          0          0          0          5          0          1          0
          0        329       1891          7          0         33        670         63        367        235
          0         39        662         65          0       1644        385        140        359        300
          0         23        164         48          0       1677        362        129        126        214
          0          9         16         23          0       1697         21         10         18          6
          1         52         31          0          0         12        319         88         67         19
          0         24         18          0          0          6        152        291         95         14
          0         10         32          1          0         15        136        198        180         28
          0         22        165          1          0        100        551        370        375        216

              precision    recall  f1-score   support

           0       1.00      0.01      0.01     69059
           1       0.01      0.93      0.02        91
           2       0.07      0.53      0.12      3595
           3       0.06      0.02      0.03      3594
           4       0.00      0.00      0.00      2743
           5       0.07      0.94      0.12      1800
           6       0.04      0.54      0.07       589
           7       0.09      0.48      0.15       600
           8       0.03      0.30      0.06       600
           9       0.06      0.12      0.08      1800

    accuracy                           0.06     84471
   macro avg       0.14      0.39      0.07     84471
weighted avg       0.83      0.06      0.02     84471

