         33      10003      25574       1172          0      20137       4688       1360       3550       2542
          0         84          0          0          0          0          6          0          1          0
          0        338       2081          9          0         21        550         55        368        173
          0         80        777        103          0       1609        321        112        303        289
          0         49        196         70          0       1664        314         89        133        228
          0         15         16         28          0       1692         24          7         13          5
          0         71         34          0          0         21        315         68         64         16
          0         26         29          0          0         12        152        247        112         22
          0         18         34          0          0         13        131        172        206         26
          0         56        199          3          0         86        516        344        402        194

              precision    recall  f1-score   support

           0       1.00      0.00      0.00     69059
           1       0.01      0.92      0.02        91
           2       0.07      0.58      0.13      3595
           3       0.07      0.03      0.04      3594
           4       0.00      0.00      0.00      2743
           5       0.07      0.94      0.13      1800
           6       0.04      0.53      0.08       589
           7       0.10      0.41      0.16       600
           8       0.04      0.34      0.07       600
           9       0.06      0.11      0.07      1800

    accuracy                           0.06     84471
   macro avg       0.15      0.39      0.07     84471
weighted avg       0.83      0.06      0.01     84471

