       4824       4479      24344       1406          2      19849       5287       2083       4300       2485
          0         88          0          0          0          0          2          0          1          0
          0        409       2008          1          0         17        577         60        372        151
          1         42        722        197          0       1519        346         93        409        265
          0         15        206        125          2       1604        327        103        176        185
          0         14         11         29          0       1690         21         11         19          5
          1         54         35          0          0         16        314         72         80         17
          0         29         23          0          0          8        145        257        128         10
          0          9         27          0          0         10        134        172        228         20
          0         36        177          1          0         93        522        345        445        181

              precision    recall  f1-score   support

           0       1.00      0.07      0.13     69059
           1       0.02      0.97      0.03        91
           2       0.07      0.56      0.13      3595
           3       0.11      0.05      0.07      3594
           4       0.50      0.00      0.00      2743
           5       0.07      0.94      0.13      1800
           6       0.04      0.53      0.08       589
           7       0.08      0.43      0.14       600
           8       0.04      0.38      0.07       600
           9       0.05      0.10      0.07      1800

    accuracy                           0.12     84471
   macro avg       0.20      0.40      0.08     84471
weighted avg       0.85      0.12      0.12     84471

