       6289       2986      24616       1537        852      18665       5544       1584       4181       2805
          0         87          0          0          0          0          3          0          1          0
          0        311       2074          1          0         15        664         44        338        148
          4         30        730        232         92       1412        332         63        373        326
          0         12        194        153         86       1494        313         75        172        244
          0         12         14         26          1       1696         23          5         17          6
          0         42         31          0          0         18        328         63         93         14
          0         18         21          0          0          8        146        243        153         11
          0          9         30          0          0          5        122        155        263         16
          0         30        192          1          0         81        490        321        468        217

              precision    recall  f1-score   support

           0       1.00      0.09      0.17     69059
           1       0.02      0.96      0.05        91
           2       0.07      0.58      0.13      3595
           3       0.12      0.06      0.08      3594
           4       0.08      0.03      0.05      2743
           5       0.07      0.94      0.13      1800
           6       0.04      0.56      0.08       589
           7       0.10      0.41      0.15       600
           8       0.04      0.44      0.08       600
           9       0.06      0.12      0.08      1800

    accuracy                           0.14     84471
   macro avg       0.16      0.42      0.10     84471
weighted avg       0.83      0.14      0.15     84471

