       5064       4222      25489       1577        516      19098       5128       1480       3786       2699
          0         88          0          0          0          0          2          0          0          1
          0        410       2082          1          0         15        582         33        307        165
          0         44        782        249         46       1446        307         72        325        323
          0         18        206        165         53       1519        307         58        163        254
          0         15         11         38          0       1695         15          3         16          7
          0         65         38          1          0         13        296         64         87         25
          0         29         25          1          0          8        132        235        157         13
          0         11         28          0          0          5        121        157        254         24
          0         40        206          1          0         78        481        319        434        241

              precision    recall  f1-score   support

           0       1.00      0.07      0.14     69059
           1       0.02      0.97      0.03        91
           2       0.07      0.58      0.13      3595
           3       0.12      0.07      0.09      3594
           4       0.09      0.02      0.03      2743
           5       0.07      0.94      0.13      1800
           6       0.04      0.50      0.07       589
           7       0.10      0.39      0.16       600
           8       0.05      0.42      0.08       600
           9       0.06      0.13      0.09      1800

    accuracy                           0.12     84471
   macro avg       0.16      0.41      0.10     84471
weighted avg       0.83      0.12      0.13     84471

