         80          2          0          7          9          5
          0        277         65        208         13         35
          0         87        321        145          7         40
        101       2080       2132      66828       1405       7046
          0          8         15         42        901        213
          0         21         14        230        290       1844

              precision    recall  f1-score   support

           0       0.44      0.78      0.56       103
           1       0.11      0.46      0.18       598
           2       0.13      0.54      0.20       600
           3       0.99      0.84      0.91     79592
           4       0.34      0.76      0.47      1179
           5       0.20      0.77      0.32      2399

    accuracy                           0.83     84471
   macro avg       0.37      0.69      0.44     84471
weighted avg       0.95      0.83      0.88     84471

