        123          0          0          4         15          7
          1        293        104        254         85        201
          0         15        333        197         28         27
         23        490        180      11390       1293       1331
          7         45          2        193       2446        277
         45        968        663       3396       4011      19408

              precision    recall  f1-score   support

           0       0.62      0.83      0.71       149
           1       0.16      0.31      0.21       938
           2       0.26      0.56      0.35       600
           3       0.74      0.77      0.76     14707
           4       0.31      0.82      0.45      2970
           5       0.91      0.68      0.78     28491

    accuracy                           0.71     47855
   macro avg       0.50      0.66      0.54     47855
weighted avg       0.80      0.71      0.74     47855

