      69059          0          0          0          0          0          0          0          0          0
         13         77          1          0          0          0          0          0          0          0
       3193          0        402          0          0          0          0          0          0          0
       3561          0          0         33          0          0          0          0          0          0
       2727          0          0          1         15          0          0          0          0          0
       1751          0          1          0          1         47          0          0          0          0
        537          0          1          0          0          0         51          0          0          0
        599          0          0          0          0          0          0          1          0          0
        600          0          0          0          0          0          0          0          0          0
       1796          0          0          0          0          0          0          0          0          4

              precision    recall  f1-score   support

           0       0.82      1.00      0.90     69059
           1       1.00      0.85      0.92        91
           2       0.99      0.11      0.20      3595
           3       0.97      0.01      0.02      3594
           4       0.94      0.01      0.01      2743
           5       1.00      0.03      0.05      1800
           6       1.00      0.09      0.16       589
           7       1.00      0.00      0.00       600
           8       0.00      0.00      0.00       600
           9       1.00      0.00      0.00      1800

    accuracy                           0.83     84471
   macro avg       0.87      0.21      0.23     84471
weighted avg       0.85      0.83      0.75     84471



running time in seconds: 15.853

