      69059          0          0          0          0          0          0          0          0          0
         35         56          0          0          0          0          0          0          0          0
       3558          0         37          0          0          0          0          0          0          0
       3593          0          0          1          0          0          0          0          0          0
       2743          0          0          0          0          0          0          0          0          0
       1800          0          0          0          0          0          0          0          0          0
        589          0          0          0          0          0          0          0          0          0
        600          0          0          0          0          0          0          0          0          0
        600          0          0          0          0          0          0          0          0          0
       1800          0          0          0          0          0          0          0          0          0

              precision    recall  f1-score   support

           0       0.82      1.00      0.90     69059
           1       1.00      0.62      0.76        91
           2       1.00      0.01      0.02      3595
           3       1.00      0.00      0.00      3594
           4       0.00      0.00      0.00      2743
           5       0.00      0.00      0.00      1800
           6       0.00      0.00      0.00       589
           7       0.00      0.00      0.00       600
           8       0.00      0.00      0.00       600
           9       0.00      0.00      0.00      1800

    accuracy                           0.82     84471
   macro avg       0.38      0.16      0.17     84471
weighted avg       0.76      0.82      0.74     84471



running time in seconds: 14.128

