      69059          0          0          0          0          0          0          0          0          0
         86          5          0          0          0          0          0          0          0          0
       3493          0        102          0          0          0          0          0          0          0
       3587          0          0          7          0          0          0          0          0          0
       2743          0          0          0          0          0          0          0          0          0
       1800          0          0          0          0          0          0          0          0          0
        584          0          0          0          0          0          5          0          0          0
        599          0          0          0          0          0          0          1          0          0
        600          0          0          0          0          0          0          0          0          0
       1799          0          0          0          0          0          0          0          0          1

              precision    recall  f1-score   support

           0       0.82      1.00      0.90     69059
           1       1.00      0.05      0.10        91
           2       1.00      0.03      0.06      3595
           3       1.00      0.00      0.00      3594
           4       0.00      0.00      0.00      2743
           5       0.00      0.00      0.00      1800
           6       1.00      0.01      0.02       589
           7       1.00      0.00      0.00       600
           8       0.00      0.00      0.00       600
           9       1.00      0.00      0.00      1800

    accuracy                           0.82     84471
   macro avg       0.68      0.11      0.11     84471
weighted avg       0.79      0.82      0.74     84471



running time in seconds: 1.737

