      69059          0          0          0          0          0          0          0          0          0
          2         89          0          0          0          0          0          0          0          0
       1558          0       2026          0          8          3          0          0          0          0
       1857          0          0       1694         13         30          0          0          0          0
       1099          0          0         22       1611         11          0          0          0          0
        487          0          0         49         60       1204          0          0          0          0
        318          0          0          0          0          0        270          1          0          0
        292          0          0          0          0          0          0        306          0          2
        402          0          0          0          0          0          0          0        195          3
       1172          0          0          0          0          0          0          0          0        628

              precision    recall  f1-score   support

           0       0.91      1.00      0.95     69059
           1       1.00      0.98      0.99        91
           2       1.00      0.56      0.72      3595
           3       0.96      0.47      0.63      3594
           4       0.95      0.59      0.73      2743
           5       0.96      0.67      0.79      1800
           6       1.00      0.46      0.63       589
           7       1.00      0.51      0.67       600
           8       1.00      0.33      0.49       600
           9       0.99      0.35      0.52      1800

    accuracy                           0.91     84471
   macro avg       0.98      0.59      0.71     84471
weighted avg       0.92      0.91      0.90     84471



running time in seconds: 19.197

