      69059          0          0          0          0          0          0          0          0          0
         13         77          1          0          0          0          0          0          0          0
       3220          0        374          0          1          0          0          0          0          0
       3498          0          0         94          0          2          0          0          0          0
       2689          0          0          2         52          0          0          0          0          0
       1668          0          0          0          6        126          0          0          0          0
        551          0          0          0          0          0         38          0          0          0
        598          0          0          0          0          0          0          2          0          0
        600          0          0          0          0          0          0          0          0          0
       1795          0          0          0          0          0          0          0          0          5

              precision    recall  f1-score   support

           0       0.83      1.00      0.90     69059
           1       1.00      0.85      0.92        91
           2       1.00      0.10      0.19      3595
           3       0.98      0.03      0.05      3594
           4       0.88      0.02      0.04      2743
           5       0.98      0.07      0.13      1800
           6       1.00      0.06      0.12       589
           7       1.00      0.00      0.01       600
           8       0.00      0.00      0.00       600
           9       1.00      0.00      0.01      1800

    accuracy                           0.83     84471
   macro avg       0.87      0.21      0.24     84471
weighted avg       0.84      0.83      0.76     84471



running time in seconds: 2.442

