     310264      62785      28518      79228      96787       4903      47514      74176      28446      29769
         41       2011         95         42         97          7        253        314         56         98
      13828      11454       6329      13527      12789         30      11436      16295       3336       3963
      11850       5386       1855      12295      10860          0       7346       7873       1849       3024
      10231       4121       1837       6737      11009          6       5158       4790       1356       2512
      10033       2891       1186       5127       7033       1542       4122       4994       1605       2477
       2196       4730        621       1810       2645         29       6697       5055        748       1015
       2891       2552        409       2098       1795         12       3866       4767       1068       1184
       2630       2068        454       2369       2013        133       2722       3305       1256       1088
       6673       4750       1365       6255       6230        944       6661       8049       2649       3786

              precision    recall  f1-score   support

           0       0.84      0.41      0.55    762390
           1       0.02      0.67      0.04      3014
           2       0.15      0.07      0.09     92987
           3       0.09      0.20      0.13     62338
           4       0.07      0.23      0.11     47757
           5       0.20      0.04      0.06     41010
           6       0.07      0.26      0.11     25546
           7       0.04      0.23      0.06     20642
           8       0.03      0.07      0.04     18038
           9       0.08      0.08      0.08     47362

    accuracy                           0.32   1121084
   macro avg       0.16      0.23      0.13   1121084
weighted avg       0.60      0.32      0.40   1121084

