     386591      67045      15113      22414     111304      16411      41040      21751      31083      49638
         53       2099         19         15        105         22        352        201         72         76
      21123      12947       3234       6236      15217       1898      13888       9240       2664       6540
      15633       5765        625       6700      12574       1745       8225       4864       1466       4741
      12678       4242        745       3192      12442       1466       5382       3384       1058       3168
      13855       3487        345       2240       8068       2999       3281       2697       1416       2622
       4040       5008        188        690       2524        430       7431       3270        702       1263
       4702       2720         91       1057       2033        610       4252       2980       1072       1125
       4196       2347         82       1224       2158        543       2544       2329       1259       1356
       9951       5068        318       2780       6887       2242       6803       5720       2686       4907

              precision    recall  f1-score   support

           0       0.82      0.51      0.63    762390
           1       0.02      0.70      0.04      3014
           2       0.16      0.03      0.06     92987
           3       0.14      0.11      0.12     62338
           4       0.07      0.26      0.11     47757
           5       0.11      0.07      0.09     41010
           6       0.08      0.29      0.13     25546
           7       0.05      0.14      0.08     20642
           8       0.03      0.07      0.04     18038
           9       0.07      0.10      0.08     47362

    accuracy                           0.38   1121084
   macro avg       0.15      0.23      0.14   1121084
weighted avg       0.59      0.38      0.45   1121084

