     334730      28819      23679      53237      97328      77836      38206      33542      38016      36997
         47       2134         66         21        101         39        364        152         44         46
      11416       8655      11709       8241      14752       8199      11086       7474       6320       5135
       7672       2977       2693      10333      14014       7579       6513       4656       3528       2373
       6207       1867       1844       4249      16844       6273       4050       2747       1825       1851
       5779       1318       1601       3024       7577      12210       2964       2518       2043       1976
       1816       2457        711        898       2377       1584       9641       3385       1560       1117
       2074       1425        544        812       1841       1815       4093       4333       2455       1250
       1995       1294        842        672       1778       1481       2573       2257       3591       1555
       5781       3141       2727       1936       5955       4024       6022       5177       5631       6968

              precision    recall  f1-score   support

           0       0.89      0.44      0.59    762390
           1       0.04      0.71      0.07      3014
           2       0.25      0.13      0.17     92987
           3       0.12      0.17      0.14     62338
           4       0.10      0.35      0.16     47757
           5       0.10      0.30      0.15     41010
           6       0.11      0.38      0.17     25546
           7       0.07      0.21      0.10     20642
           8       0.06      0.20      0.09     18038
           9       0.12      0.15      0.13     47362

    accuracy                           0.37   1121084
   macro avg       0.19      0.30      0.18   1121084
weighted avg       0.65      0.37      0.45   1121084

