     271258      36963      23535      47349      97688      90027      58729      31968      59219      45654
         61       2166         94          8         94         56        345         33         89         68
      10588      11091       7751       6641      12210       7796      16369       4312       8357       7872
       7623       4128       2083       7657      11606       7397       9897       2394       5214       4339
       6155       2964       1701       3463      12695       6119       6677       1814       3384       2785
       5236       1348       1488       2471       7265      10131       4530       1889       3631       3021
       1805       4649        669        762       2035       1597       8928       1622       2084       1395
       1915       2744        426        762       1500       1882       4873       1898       3176       1466
       1588       2194        525        678       1628       1962       3117        929       3493       1924
       4502       5107       1596       2074       5578       5197       8152       2109       6282       6765

              precision    recall  f1-score   support

           0       0.87      0.36      0.51    762390
           1       0.03      0.72      0.06      3014
           2       0.19      0.08      0.12     92987
           3       0.11      0.12      0.11     62338
           4       0.08      0.27      0.13     47757
           5       0.08      0.25      0.12     41010
           6       0.07      0.35      0.12     25546
           7       0.04      0.09      0.05     20642
           8       0.04      0.19      0.06     18038
           9       0.09      0.14      0.11     47362

    accuracy                           0.30   1121084
   macro avg       0.16      0.26      0.14   1121084
weighted avg       0.63      0.30      0.38   1121084

