     337357      26000      31978      35731      95859      88377      39973      41552      44355      21208
         72       1971        121         19        125         46        363        195         43         59
      13836       6029      13292       6534      11715       9733      12675       9378       5949       3846
      10220       2455       3882       8042      12322       7752       6960       4074       4589       2042
       7426       1853       2855       3212      13999       6204       5539       2707       2551       1411
       6656       1149       2575       2681       6889      10467       3384       3193       2566       1450
       2554       2453       1294        962       2213       1668       8428       3805       1407        762
       2652       1130        814        826       1680       1864       3918       4799       2196        763
       2112       1087       1110        777       1715       1972       2676       2642       3001        946
       6260       2582       3161       2046       5512       4165       6770       6296       5646       4924

              precision    recall  f1-score   support

           0       0.87      0.44      0.59    762390
           1       0.04      0.65      0.08      3014
           2       0.22      0.14      0.17     92987
           3       0.13      0.13      0.13     62338
           4       0.09      0.29      0.14     47757
           5       0.08      0.26      0.12     41010
           6       0.09      0.33      0.15     25546
           7       0.06      0.23      0.10     20642
           8       0.04      0.17      0.07     18038
           9       0.13      0.10      0.12     47362

    accuracy                           0.36   1121084
   macro avg       0.18      0.27      0.17   1121084
weighted avg       0.63      0.36      0.44   1121084

