     288222     114654      47072       3519      87119     102486      56549      18744      43340        685
         46       2172        134          3         37         15        413        124         69          1
      17761      13740       8837        558      10768      11139      14589       8199       7304         92
      13508       6300       4244        401      10561       9927       7678       4393       5254         72
      10708       5412       2377        246      10218       7887       5482       2373       2990         64
      10085       4428       1864        335       6478       9888       2134       2787       2959         52
       3144       4798       1732        101       1782       2454       7419       2847       1243         26
       3932       2696       1022        113       1600       3122       4375       2320       1442         20
       3408       2275       1023        153       1944       2853       2955       1701       1710         16
       9024       5998       3018        359       5471       7943       6812       4429       4251         57

              precision    recall  f1-score   support

           0       0.80      0.38      0.51    762390
           1       0.01      0.72      0.03      3014
           2       0.12      0.10      0.11     92987
           3       0.07      0.01      0.01     62338
           4       0.08      0.21      0.11     47757
           5       0.06      0.24      0.10     41010
           6       0.07      0.29      0.11     25546
           7       0.05      0.11      0.07     20642
           8       0.02      0.09      0.04     18038
           9       0.05      0.00      0.00     47362

    accuracy                           0.30   1121084
   macro avg       0.13      0.22      0.11   1121084
weighted avg       0.57      0.30      0.37   1121084

