     313395      53253      37237      44361      91806      83459      37812      30536      26654      43877
         34       2299        114          5         58         16        369         65         18         36
       8374      11386      14470       6712      13290       7882      12273       7554       5489       5557
       5741       4623       4232      10267      13719       7058       6429       4449       2043       3777
       4893       3847       2773       3946      16107       6148       3862       2639        960       2582
       5045       2832       2572       1998       7422      12559       2724       2480       1020       2358
       1376       4552       1508        425       1670       1357       8816       3499       1310       1033
       1436       2259       1143        737       1635       1577       4231       4449       1917       1258
       1467       1740       1252        762       1799       1383       2500       2877       2490       1768
       4545       5363       3688       1805       5476       3775       6126       5458       3618       7508

              precision    recall  f1-score   support

           0       0.90      0.41      0.57    762390
           1       0.02      0.76      0.05      3014
           2       0.21      0.16      0.18     92987
           3       0.14      0.16      0.15     62338
           4       0.11      0.34      0.16     47757
           5       0.10      0.31      0.15     41010
           6       0.10      0.35      0.16     25546
           7       0.07      0.22      0.11     20642
           8       0.05      0.14      0.08     18038
           9       0.11      0.16      0.13     47362

    accuracy                           0.35   1121084
   macro avg       0.18      0.30      0.17   1121084
weighted avg       0.66      0.35      0.43   1121084

