     303118     175219        668       7142     116519      15650      55581      17640      70849          4
         33       2265          1         14         94          3        463         84         57          0
      18967      22134         93       1236      16315        621      14648       7155      11817          1
      14422      10461         36        872      13388        547       8173       4045      10394          0
      11532       7591         33        687      13013        339       5614       2210       6737          1
      11901       6028         28        549       9480       1600       2361       2636       6427          0
       3001       6975         10        183       3697        114       6983       2488       2095          0
       4179       3990         20        228       2995        114       4086       2109       2921          0
       3583       3498         10        202       3047        248       2742       1563       3145          0
       9094       9214         34        486       8757       1255       6729       4009       7784          0

              precision    recall  f1-score   support

           0       0.80      0.40      0.53    762390
           1       0.01      0.75      0.02      3014
           2       0.10      0.00      0.00     92987
           3       0.08      0.01      0.02     62338
           4       0.07      0.27      0.11     47757
           5       0.08      0.04      0.05     41010
           6       0.07      0.27      0.11     25546
           7       0.05      0.10      0.07     20642
           8       0.03      0.17      0.04     18038
           9       0.00      0.00      0.00     47362

    accuracy                           0.30   1121084
   macro avg       0.13      0.20      0.10   1121084
weighted avg       0.56      0.30      0.37   1121084

