     332094      67233      27135      46984      60921      76227      45528      31649      16922      57697
         53       2149         64          8         48          9        479        109         45         50
      12068      10688       7821       7779       8144       7532      16183       8405       5992       8375
       8237       4300       3064      10828       8783       8089       8580       3856       3254       3347
       7458       3889       2170       4982      10022       7154       4989       2233       2725       2135
       7005       3772       1714       3259       4908      10630       3502       2178       1361       2681
       2041       4652        718        592       1242       1271       9452       2934       1523       1121
       2091       2029        582       1108       1131       1681       5314       3726       1753       1227
       2134       1594        696       1145       1021       1452       3722       2228       2081       1965
       5701       4206       2267       2778       3778       4056       8742       4439       2954       8441

              precision    recall  f1-score   support

           0       0.88      0.44      0.58    762390
           1       0.02      0.71      0.04      3014
           2       0.17      0.08      0.11     92987
           3       0.14      0.17      0.15     62338
           4       0.10      0.21      0.14     47757
           5       0.09      0.26      0.13     41010
           6       0.09      0.37      0.14     25546
           7       0.06      0.18      0.09     20642
           8       0.05      0.12      0.07     18038
           9       0.10      0.18      0.13     47362

    accuracy                           0.35   1121084
   macro avg       0.17      0.27      0.16   1121084
weighted avg       0.63      0.35      0.44   1121084

