       4352          0        455         66          0          0          0          0          0          0
         27          0        318        114          0          0          0          0          0          0
       1697          0       9659        235          0          0          0          0          0          0
       1653          0       5848       1439          0          0          0          0          0          0
        477          0       5457        372          0          0          0          0          0          0
        377          0       3965         36          0          0          0          0          0          0
        498          0       1829         73          0          0          0          0          0          0
        332          0       1823        245          0          0          0          0          0          0
        479          0       1693        141          0          0          0          0          0          0
       1491          0       3723        249          0          0          0          0          0          0

              precision    recall  f1-score   support

           0       0.38      0.89      0.54      4873
           1       0.00      0.00      0.00       459
           2       0.28      0.83      0.42     11591
           3       0.48      0.16      0.24      8940
           4       0.00      0.00      0.00      6306
           5       0.00      0.00      0.00      4378
           6       0.00      0.00      0.00      2400
           7       0.00      0.00      0.00      2400
           8       0.00      0.00      0.00      2313
           9       0.00      0.00      0.00      5463

    accuracy                           0.31     49123
   macro avg       0.11      0.19      0.12     49123
weighted avg       0.19      0.31      0.20     49123



running time in seconds: 1.024

