       4331          0        497         45          0          0          0          0          0          0
         36          0        322        101          0          0          0          0          0          0
       1705          0       9757        129          0          0          0          0          0          0
       1725          0       5939       1276          0          0          0          0          0          0
        475          0       5470        361          0          0          0          0          0          0
        379          0       3972         27          0          0          0          0          0          0
        502          0       1867         31          0          0          0          0          0          0
        354          0       1865        181          0          0          0          0          0          0
        499          0       1719         95          0          0          0          0          0          0
       1551          0       3744        168          0          0          0          0          0          0

              precision    recall  f1-score   support

           0       0.37      0.89      0.53      4873
           1       0.00      0.00      0.00       459
           2       0.28      0.84      0.42     11591
           3       0.53      0.14      0.22      8940
           4       0.00      0.00      0.00      6306
           5       0.00      0.00      0.00      4378
           6       0.00      0.00      0.00      2400
           7       0.00      0.00      0.00      2400
           8       0.00      0.00      0.00      2313
           9       0.00      0.00      0.00      5463

    accuracy                           0.31     49123
   macro avg       0.12      0.19      0.12     49123
weighted avg       0.20      0.31      0.19     49123



running time in seconds: 6.516

