       4290          0        503         76          3          0          0          0          0          1
          2        258        181         18          0          0          0          0          0          0
        594          0      10711        286          0          0          0          0          0          0
        194          0       3854       4795         30          0          0          0          0         67
        149          0       4279        583       1053          0          0          0          0        242
        169          0       3616         54          8        531          0          0          0          0
        249          0       1578        429          1          0        143          0          0          0
         48          0       1333        700         26          0          0        288          0          5
         87          0       1476        606         19          0          0          0        108         17
        390          0       3263        409         27          0          0          0          0       1374

              precision    recall  f1-score   support

           0       0.70      0.88      0.78      4873
           1       1.00      0.56      0.72       459
           2       0.35      0.92      0.51     11591
           3       0.60      0.54      0.57      8940
           4       0.90      0.17      0.28      6306
           5       1.00      0.12      0.22      4378
           6       1.00      0.06      0.11      2400
           7       1.00      0.12      0.21      2400
           8       1.00      0.05      0.09      2313
           9       0.81      0.25      0.38      5463

    accuracy                           0.48     49123
   macro avg       0.84      0.37      0.39     49123
weighted avg       0.71      0.48      0.42     49123



running time in seconds: 2.289

