       4257          0        550         66          0          0          0          0          0          0
         30          0        344         85          0          0          0          0          0          0
       1637          0       9640        314          0          0          0          0          0          0
       1665          0       5671       1604          0          0          0          0          0          0
        458          0       5339        507          0          0          0          0          0          2
        361          0       3984         33          0          0          0          0          0          0
        418          0       1841        141          0          0          0          0          0          0
        348          0       1693        359          0          0          0          0          0          0
        448          0       1557        308          0          0          0          0          0          0
       1413          0       3564        480          0          0          0          0          0          6

              precision    recall  f1-score   support

           0       0.39      0.87      0.54      4873
           1       0.00      0.00      0.00       459
           2       0.28      0.83      0.42     11591
           3       0.41      0.18      0.25      8940
           4       0.00      0.00      0.00      6306
           5       0.00      0.00      0.00      4378
           6       0.00      0.00      0.00      2400
           7       0.00      0.00      0.00      2400
           8       0.00      0.00      0.00      2313
           9       0.75      0.00      0.00      5463

    accuracy                           0.32     49123
   macro avg       0.18      0.19      0.12     49123
weighted avg       0.26      0.32      0.20     49123



running time in seconds: 0.482

