       4464          0        340         50         17          0          0          0          0          2
          1        373         77          8          0          0          0          0          0          0
        470          0      10932        181          4          0          0          0          0          4
        153          0       2584       6102         57          0          0          0          0         44
        136          0       2794        363       2858          0          0          0          0        155
        140          0       2686         50         36       1466          0          0          0          0
        237          0       1282        400         10          0        471          0          0          0
         65          0       1049        533         65          0          0        680          0          8
        103          0       1210        471         76          0          0          0        412         41
        268          0       2135        312         51          0          0          0          0       2697

              precision    recall  f1-score   support

           0       0.74      0.92      0.82      4873
           1       1.00      0.81      0.90       459
           2       0.44      0.94      0.60     11591
           3       0.72      0.68      0.70      8940
           4       0.90      0.45      0.60      6306
           5       1.00      0.33      0.50      4378
           6       1.00      0.20      0.33      2400
           7       1.00      0.28      0.44      2400
           8       1.00      0.18      0.30      2313
           9       0.91      0.49      0.64      5463

    accuracy                           0.62     49123
   macro avg       0.87      0.53      0.58     49123
weighted avg       0.77      0.62      0.60     49123



running time in seconds: 0.677

