       4366          0        404        100          3          0          0          0          0          0
         30         17        293        119          0          0          0          0          0          0
       1723          0       9252        615          1          0          0          0          0          0
       1310          0       4463       2998         70          0          0          0          0         99
        247          0       4324       1028        480          0          0          0          0        227
        379          0       3875         95          3         26          0          0          0          0
        430          0       1491        477          2          0          0          0          0          0
        257          0       1313        825          4          0          0          0          0          1
        372          0       1218        656          3          0          0          0          0         64
        732          0       2968        830         36          0          0          0          0        897

              precision    recall  f1-score   support

           0       0.44      0.90      0.59      4873
           1       1.00      0.04      0.07       459
           2       0.31      0.80      0.45     11591
           3       0.39      0.34      0.36      8940
           4       0.80      0.08      0.14      6306
           5       1.00      0.01      0.01      4378
           6       0.00      0.00      0.00      2400
           7       0.00      0.00      0.00      2400
           8       0.00      0.00      0.00      2313
           9       0.70      0.16      0.27      5463

    accuracy                           0.37     49123
   macro avg       0.46      0.23      0.19     49123
weighted avg       0.47      0.37      0.28     49123



running time in seconds: 3.313

