       4314          0        487         70          2          0          0          0          0          0
          2        261        177         19          0          0          0          0          0          0
        619          0      10684        287          1          0          0          0          0          0
        216          0       3775       4853         34          0          0          0          0         62
        149          0       4139        610       1152          0          0          0          0        256
        172          0       3664         50          8        484          0          0          0          0
        253          0       1567        433          3          0        144          0          0          0
         61          0       1296        720         30          0          0        289          0          4
         97          0       1405        640         28          0          0          0        123         20
        416          0       3200        423         28          0          0          0          0       1396

              precision    recall  f1-score   support

           0       0.68      0.89      0.77      4873
           1       1.00      0.57      0.72       459
           2       0.35      0.92      0.51     11591
           3       0.60      0.54      0.57      8940
           4       0.90      0.18      0.30      6306
           5       1.00      0.11      0.20      4378
           6       1.00      0.06      0.11      2400
           7       1.00      0.12      0.21      2400
           8       1.00      0.05      0.10      2313
           9       0.80      0.26      0.39      5463

    accuracy                           0.48     49123
   macro avg       0.83      0.37      0.39     49123
weighted avg       0.71      0.48      0.43     49123



running time in seconds: 6.311

