       4342          0        479         52          0          0          0          0          0          0
         34          0        321        104          0          0          0          0          0          0
       1704          0       9678        209          0          0          0          0          0          0
       1732          0       5911       1297          0          0          0          0          0          0
        474          0       5453        379          0          0          0          0          0          0
        378          0       3971         29          0          0          0          0          0          0
        526          0       1831         43          0          0          0          0          0          0
        387          0       1859        154          0          0          0          0          0          0
        506          0       1717         90          0          0          0          0          0          0
       1620          0       3728        115          0          0          0          0          0          0

              precision    recall  f1-score   support

           0       0.37      0.89      0.52      4873
           1       0.00      0.00      0.00       459
           2       0.28      0.83      0.42     11591
           3       0.52      0.15      0.23      8940
           4       0.00      0.00      0.00      6306
           5       0.00      0.00      0.00      4378
           6       0.00      0.00      0.00      2400
           7       0.00      0.00      0.00      2400
           8       0.00      0.00      0.00      2313
           9       0.00      0.00      0.00      5463

    accuracy                           0.31     49123
   macro avg       0.12      0.19      0.12     49123
weighted avg       0.20      0.31      0.19     49123



running time in seconds: 2.485

