        118          0          0          0          7          0
          1        387        145        335          3         26
          0         77        378        372          2         71
         55       2059       1872      68723        707       4797
         14          1          0         13       1661         96
          1          4         16        163        235       3163

              precision    recall  f1-score   support

           0       0.62      0.94      0.75       125
           1       0.15      0.43      0.23       897
           2       0.16      0.42      0.23       900
           3       0.99      0.88      0.93     78213
           4       0.64      0.93      0.76      1785
           5       0.39      0.88      0.54      3582

    accuracy                           0.87     85502
   macro avg       0.49      0.75      0.57     85502
weighted avg       0.94      0.87      0.89     85502

