       5663          1         21         36          7          6        148         15         21          5
          0       6657         26          9          2          8         19         11          6          4
         69        228       5166         62         74          2         92        141        108         16
         23        156        122       5375         10         64         56         98        160         67
         13        146         28          3       5147          1        127         44         23        310
         96        154         20        481         88       4239        189         61         44         49
         70         75         29          7         13         50       5657         10          7          0
         31        255         50          3         41          0          2       5780         15         88
         71        300         78        383         46         63         77         46       4688         99
         58        142         32        100        288         16         15        333         49       4916

              precision    recall  f1-score   support

           0       0.93      0.96      0.94      5923
           1       0.82      0.99      0.90      6742
           2       0.93      0.87      0.90      5958
           3       0.83      0.88      0.85      6131
           4       0.90      0.88      0.89      5842
           5       0.95      0.78      0.86      5421
           6       0.89      0.96      0.92      5918
           7       0.88      0.92      0.90      6265
           8       0.92      0.80      0.85      5851
           9       0.89      0.83      0.85      5949

    accuracy                           0.89     60000
   macro avg       0.89      0.89      0.89     60000
weighted avg       0.89      0.89      0.89     60000

