       5760          3          9         16          6          3         99         10         13          4
          0       6662         28         10          3         10         10         12          2          5
         36        127       5462         51         56          0         40         89         90          7
          7         98         83       5636          9         29         26         84         95         64
          5        116         16          3       5364          1         53         27         21        236
         55         97         11        376         40       4615        116         42         31         38
         35         42         11          2          8         36       5772          1         11          0
         14        194         33          5         33          0          1       5897         11         77
         38        201         57        286         24         31         44         31       5079         60
         42        110         23        104        126          8          6        218         30       5282

              precision    recall  f1-score   support

           0       0.96      0.97      0.97      5923
           1       0.87      0.99      0.93      6742
           2       0.95      0.92      0.93      5958
           3       0.87      0.92      0.89      6131
           4       0.95      0.92      0.93      5842
           5       0.98      0.85      0.91      5421
           6       0.94      0.98      0.96      5918
           7       0.92      0.94      0.93      6265
           8       0.94      0.87      0.90      5851
           9       0.91      0.89      0.90      5949

    accuracy                           0.93     60000
   macro avg       0.93      0.92      0.93     60000
weighted avg       0.93      0.93      0.93     60000

