       5615          3         21         40          9         15        167         20         18         15
          0       6651         24         11          3         22          7          9         12          3
         87        215       5057         78        107          4         95        159        136         20
         25        147        115       5343         22         71         53        105        164         86
         10        131         23          2       5094          2         94         45         29        412
        109        173         17        590         93       4048        188         86         61         56
         94         78         18         18         16         47       5628          8         11          0
         23        263         36          1         45          1          5       5768         17        106
         48        299         64        380         58         71         79         63       4662        127
         54        141         20         95        268         13         11        343         49       4955

              precision    recall  f1-score   support

           0       0.93      0.95      0.94      5923
           1       0.82      0.99      0.90      6742
           2       0.94      0.85      0.89      5958
           3       0.81      0.87      0.84      6131
           4       0.89      0.87      0.88      5842
           5       0.94      0.75      0.83      5421
           6       0.89      0.95      0.92      5918
           7       0.87      0.92      0.90      6265
           8       0.90      0.80      0.85      5851
           9       0.86      0.83      0.84      5949

    accuracy                           0.88     60000
   macro avg       0.89      0.88      0.88     60000
weighted avg       0.88      0.88      0.88     60000

