       5791          0          8         15          5          5         68          7         18          6
          0       6662         29         13          3          5          7         11          7          5
         31         59       5581         31         53          4         22         76         95          6
          6         51         64       5676         10         51         23         63        134         53
          2         58         16          1       5489          3         50         15         12        196
         31         25         14        124         40       5059         77          9         24         18
         28         24         13          6          6         33       5801          0          7          0
          6        115         48          2         26          1          1       5968          8         90
          9        112         45        208         36         58         49         24       5253         57
         33         48         12         87        146         17          7        137         33       5429

              precision    recall  f1-score   support

           0       0.98      0.98      0.98      5923
           1       0.93      0.99      0.96      6742
           2       0.96      0.94      0.95      5958
           3       0.92      0.93      0.92      6131
           4       0.94      0.94      0.94      5842
           5       0.97      0.93      0.95      5421
           6       0.95      0.98      0.96      5918
           7       0.95      0.95      0.95      6265
           8       0.94      0.90      0.92      5851
           9       0.93      0.91      0.92      5949

    accuracy                           0.95     60000
   macro avg       0.95      0.94      0.94     60000
weighted avg       0.95      0.95      0.95     60000

