       5519         13         33         86         10          6        191         29         15         21
          0       6655         25         15          1         11         11         10          8          6
        101        307       4861        141         97          1        138        156        133         23
         34        268        124       5238         18         33         59        121        159         77
         27        199         48          6       4779          1        133         69         26        554
        191        376         32       1139        126       2979        209        155         93        121
         80        212         38         48         18         42       5459          4         16          1
         60        376         40          9         41          0          6       5608         15        110
         89        480         84        610         43         47         89         79       4206        124
         70        244         46        117        391          9         23        455         58       4536

              precision    recall  f1-score   support

           0       0.89      0.93      0.91      5923
           1       0.73      0.99      0.84      6742
           2       0.91      0.82      0.86      5958
           3       0.71      0.85      0.77      6131
           4       0.87      0.82      0.84      5842
           5       0.95      0.55      0.70      5421
           6       0.86      0.92      0.89      5918
           7       0.84      0.90      0.87      6265
           8       0.89      0.72      0.80      5851
           9       0.81      0.76      0.79      5949

    accuracy                           0.83     60000
   macro avg       0.85      0.83      0.83     60000
weighted avg       0.84      0.83      0.83     60000

