       5682          0         18         32          5         22        114         11         29         10
          0       6653         24         12          5         10         14         10         10          4
         54        126       5305         68         89          7         62        115        116         16
         14         79         94       5480         13         86         35         90        179         61
         11         75         29          3       5292          4         73         32         31        292
         60         69         19        312         58       4654        119         38         43         49
         53         36         17          9         14         47       5729          1         12          0
         13        195         56          3         48          0          2       5838         16         94
         26        196         63        294         51         93         62         31       4932        103
         51         74         21         96        269         17         11        271         52       5087

              precision    recall  f1-score   support

           0       0.95      0.96      0.96      5923
           1       0.89      0.99      0.93      6742
           2       0.94      0.89      0.91      5958
           3       0.87      0.89      0.88      6131
           4       0.91      0.91      0.91      5842
           5       0.94      0.86      0.90      5421
           6       0.92      0.97      0.94      5918
           7       0.91      0.93      0.92      6265
           8       0.91      0.84      0.88      5851
           9       0.89      0.86      0.87      5949

    accuracy                           0.91     60000
   macro avg       0.91      0.91      0.91     60000
weighted avg       0.91      0.91      0.91     60000

