       5733          1         14         19          5         11        105          8         20          7
          0       6658         23         13          3         13          8         14          4          6
         49        122       5385         49         83          2         50        111         99          8
         15         89         98       5527         13         59         38         78        148         66
          4         85         23          1       5357          2         66         19         19        266
         57         58         15        271         50       4742        134         34         29         31
         56         41         14          2          9         43       5743          3          7          0
         13        184         46          3         39          0          3       5876         14         87
         37        201         66        307         37         62         64         31       4956         90
         44         78         23         98        218         13         12        216         39       5208

              precision    recall  f1-score   support

           0       0.95      0.97      0.96      5923
           1       0.89      0.99      0.93      6742
           2       0.94      0.90      0.92      5958
           3       0.88      0.90      0.89      6131
           4       0.92      0.92      0.92      5842
           5       0.96      0.87      0.91      5421
           6       0.92      0.97      0.95      5918
           7       0.92      0.94      0.93      6265
           8       0.93      0.85      0.89      5851
           9       0.90      0.88      0.89      5949

    accuracy                           0.92     60000
   macro avg       0.92      0.92      0.92     60000
weighted avg       0.92      0.92      0.92     60000

