       4785         52         68        458         22          1        375        109         22         31
          1       6669         14         18          3          0         23         12          0          2
        108        661       4286        262        132          0        119        189        180         21
         53        440        138       4860          7         18        163        169        207         76
         16        488        209        172       3832          0        259        128         70        668
        342       1089         54       1248        130        640        711        294        428        485
        178        300        235         62        146          1       4955          3         33          5
         27        949         46        144        147          0         19       4800         21        112
        149        907        114        618         46          2         75         72       3677        191
         61        607        127        361        682          3        100        489         92       3427

              precision    recall  f1-score   support

           0       0.84      0.81      0.82      5923
           1       0.55      0.99      0.71      6742
           2       0.81      0.72      0.76      5958
           3       0.59      0.79      0.68      6131
           4       0.74      0.66      0.70      5842
           5       0.96      0.12      0.21      5421
           6       0.73      0.84      0.78      5918
           7       0.77      0.77      0.77      6265
           8       0.78      0.63      0.70      5851
           9       0.68      0.58      0.62      5949

    accuracy                           0.70     60000
   macro avg       0.74      0.69      0.67     60000
weighted avg       0.74      0.70      0.68     60000

