       5755          1         14         14          3          3         99         10         19          5
          0       6668         29          6          3         12          5         12          5          2
         39        137       5485         42         60          1         27         86         76          5
          7        110         94       5617         10         30         27         81         92         63
          4        111         17          1       5422          1         50         21         12        203
         48         88         15        313         43       4684        121         31         36         42
         34         40          7          2          8         37       5778          1         11          0
         14        194         35          2         36          0          1       5899         10         74
         30        205         52        247         30         30         43         25       5115         74
         42        106         22         94        144          8          5        200         26       5302

              precision    recall  f1-score   support

           0       0.96      0.97      0.97      5923
           1       0.87      0.99      0.93      6742
           2       0.95      0.92      0.94      5958
           3       0.89      0.92      0.90      6131
           4       0.94      0.93      0.93      5842
           5       0.97      0.86      0.92      5421
           6       0.94      0.98      0.96      5918
           7       0.93      0.94      0.93      6265
           8       0.95      0.87      0.91      5851
           9       0.92      0.89      0.90      5949

    accuracy                           0.93     60000
   macro avg       0.93      0.93      0.93     60000
weighted avg       0.93      0.93      0.93     60000

