       5774          2         14         18         11         19         58          3         17          7
          0       6649         26         18          3         13          8         11         11          3
         43         66       5554         38         59          4         37         60         84         13
         12         65         78       5635          8         63         25         67        119         59
          1         90         19          3       5388          1         59         27         20        234
         36         26         23        168         28       4984         86         26         18         26
         29         39         21          3         12         40       5768          1          4          1
          7        137         43          4         52          0          2       5900         20        100
         23        128         62        230         48         90         56         21       5136         57
         31         64         17         81        149         28          7        193         49       5330

              precision    recall  f1-score   support

           0       0.97      0.97      0.97      5923
           1       0.92      0.99      0.95      6742
           2       0.95      0.93      0.94      5958
           3       0.91      0.92      0.91      6131
           4       0.94      0.92      0.93      5842
           5       0.95      0.92      0.93      5421
           6       0.94      0.97      0.96      5918
           7       0.94      0.94      0.94      6265
           8       0.94      0.88      0.91      5851
           9       0.91      0.90      0.91      5949

    accuracy                           0.94     60000
   macro avg       0.94      0.93      0.93     60000
weighted avg       0.94      0.94      0.94     60000

