       5596          2         23         38          5         18        166         34         31         10
          0       6638         25         13          3         17         14         17         11          4
        115        222       4998        117        110          2         81        153        126         34
         45        147        126       5285         20         98         66        112        155         77
         14        151         20          1       5025          1        147        106         27        350
        125        178         30        562        116       3865        164        198        107         76
        104         97         50         11         17         49       5554         13         19          4
         37        261         58          4         58          1          3       5727         33         83
        112        278         99        530         55         81         66         77       4405        148
         57        142         36        106        458         12         11        505         59       4563

              precision    recall  f1-score   support

           0       0.90      0.94      0.92      5923
           1       0.82      0.98      0.89      6742
           2       0.91      0.84      0.88      5958
           3       0.79      0.86      0.83      6131
           4       0.86      0.86      0.86      5842
           5       0.93      0.71      0.81      5421
           6       0.89      0.94      0.91      5918
           7       0.82      0.91      0.87      6265
           8       0.89      0.75      0.81      5851
           9       0.85      0.77      0.81      5949

    accuracy                           0.86     60000
   macro avg       0.87      0.86      0.86     60000
weighted avg       0.86      0.86      0.86     60000

