       5653          2         21         31          6          8        149         15         31          7
          0       6665         24         10          3         11         10         12          3          4
         67        214       5191         67         87          2         73        142        108          7
         23        158        110       5409         12         48         44         98        161         68
          9        153         33          2       5155          1         99         41         23        326
         93        173         26        550         85       4131        181         71         56         55
         72         97         22         13          9         43       5646          3         13          0
         27        263         48          3         45          0          4       5788         11         76
         61        301         74        402         45         50         76         55       4684        103
         50        134         26        107        271          6         15        333         40       4967

              precision    recall  f1-score   support

           0       0.93      0.95      0.94      5923
           1       0.82      0.99      0.89      6742
           2       0.93      0.87      0.90      5958
           3       0.82      0.88      0.85      6131
           4       0.90      0.88      0.89      5842
           5       0.96      0.76      0.85      5421
           6       0.90      0.95      0.92      5918
           7       0.88      0.92      0.90      6265
           8       0.91      0.80      0.85      5851
           9       0.88      0.83      0.86      5949

    accuracy                           0.89     60000
   macro avg       0.89      0.89      0.89     60000
weighted avg       0.89      0.89      0.89     60000

