       5533          2         29         83         11         41        156         23         32         13
          0       6631         44         18          8          9          8         17          1          6
         94        199       4980        137        153          6        117        174         77         21
         29        132        159       5199         36        112         48        118        210         88
         22        103         24          6       5015          2        138         47         29        456
        165        140         59        632        172       3717        184        124        101        127
        106        141         56         25         26         40       5488         13         20          3
         42        243         48          6         69          1         16       5685          8        147
         59        352        110        622        112        126         69         59       4187        155
         57        142         25         98        492         16         24        364         54       4677

              precision    recall  f1-score   support

           0       0.91      0.93      0.92      5923
           1       0.82      0.98      0.89      6742
           2       0.90      0.84      0.87      5958
           3       0.76      0.85      0.80      6131
           4       0.82      0.86      0.84      5842
           5       0.91      0.69      0.78      5421
           6       0.88      0.93      0.90      5918
           7       0.86      0.91      0.88      6265
           8       0.89      0.72      0.79      5851
           9       0.82      0.79      0.80      5949

    accuracy                           0.85     60000
   macro avg       0.86      0.85      0.85     60000
weighted avg       0.86      0.85      0.85     60000

