       5588          2         24         57          7         12        173         23         26         11
          0       6668         21         13          1          7         11         11          6          4
        122        354       4884        107         95          1        122        142        115         16
         45        241        117       5248         12         50         73         99        175         71
         15        231         31          9       4924          1        133         54         26        418
        174        374         28        816        120       3366        235        134         72        102
         93        150         51         26         15         40       5529          5          9          0
         46        387         46          4         43          0          2       5645         13         79
         85        499         73        533         45         44         78         77       4292        125
         67        236         38        119        342          6         17        469         44       4611

              precision    recall  f1-score   support

           0       0.90      0.94      0.92      5923
           1       0.73      0.99      0.84      6742
           2       0.92      0.82      0.87      5958
           3       0.76      0.86      0.80      6131
           4       0.88      0.84      0.86      5842
           5       0.95      0.62      0.75      5421
           6       0.87      0.93      0.90      5918
           7       0.85      0.90      0.87      6265
           8       0.90      0.73      0.81      5851
           9       0.85      0.78      0.81      5949

    accuracy                           0.85     60000
   macro avg       0.86      0.84      0.84     60000
weighted avg       0.86      0.85      0.84     60000

