       5647          1         19         37          6         17        136         17         34          9
          0       6658         27         12          3         11          9          9          8          5
         68        223       5121         80         92          4         67        165        116         22
         20        144        109       5384         13         57         39        103        179         83
         15        129         27          0       5154          3         90         46         30        348
         96        166         22        585         80       4085        170         69         70         78
         84         80         19         12         13         51       5637          5         16          1
         33        232         47          3         42          1          3       5801         13         90
         54        291         63        383         40         61         75         56       4706        122
         55        126         20         98        263         10         16        352         45       4964

              precision    recall  f1-score   support

           0       0.93      0.95      0.94      5923
           1       0.83      0.99      0.90      6742
           2       0.94      0.86      0.90      5958
           3       0.82      0.88      0.85      6131
           4       0.90      0.88      0.89      5842
           5       0.95      0.75      0.84      5421
           6       0.90      0.95      0.93      5918
           7       0.88      0.93      0.90      6265
           8       0.90      0.80      0.85      5851
           9       0.87      0.83      0.85      5949

    accuracy                           0.89     60000
   macro avg       0.89      0.88      0.88     60000
weighted avg       0.89      0.89      0.89     60000

