       5582          4         29         58          5         11        177         29         20          8
          0       6672         20         12          3          8          9         10          6          2
        109        383       4846        108        100          1        120        166        112         13
         47        264        140       5181         13         46         65        120        172         83
         13        227         30          8       4965          1        141         53         27        377
        203        349         32        854        123       3351        230        112         64        103
         98        141         56         17         27         35       5525          8          9          2
         34        371         52          4         45          0          5       5671         13         70
        112        572         80        491         56         42         75         79       4231        113
         63        229         36        102        361         12         15        460         45       4626

              precision    recall  f1-score   support

           0       0.89      0.94      0.92      5923
           1       0.72      0.99      0.84      6742
           2       0.91      0.81      0.86      5958
           3       0.76      0.85      0.80      6131
           4       0.87      0.85      0.86      5842
           5       0.96      0.62      0.75      5421
           6       0.87      0.93      0.90      5918
           7       0.85      0.91      0.87      6265
           8       0.90      0.72      0.80      5851
           9       0.86      0.78      0.82      5949

    accuracy                           0.84     60000
   macro avg       0.86      0.84      0.84     60000
weighted avg       0.86      0.84      0.84     60000

