       5417         34         44        175         30         13        131         34         28         17
          1       6666         21          9          1         11         14         10          9          0
        167        434       4555        177        175          2        182        125        127         14
         80        340        137       5004         39         57         59        135        187         93
          9        227         39         12       4768          0        135        217         20        415
        279        490         77       1107        194       2453        220        216        288         97
        175        273         67         69         91         47       5158         16         19          3
         33        423         59         16        219          3         14       5376         16        106
        130        567        245        636        157         86        115        111       3709         95
         53        169         19         91       1197          7         30        845         49       3489

              precision    recall  f1-score   support

           0       0.85      0.91      0.88      5923
           1       0.69      0.99      0.81      6742
           2       0.87      0.76      0.81      5958
           3       0.69      0.82      0.75      6131
           4       0.69      0.82      0.75      5842
           5       0.92      0.45      0.61      5421
           6       0.85      0.87      0.86      5918
           7       0.76      0.86      0.81      6265
           8       0.83      0.63      0.72      5851
           9       0.81      0.59      0.68      5949

    accuracy                           0.78     60000
   macro avg       0.80      0.77      0.77     60000
weighted avg       0.79      0.78      0.77     60000

