       5633         10         39         40          8         14        137          9         30          3
          0       6654         28         13          3          9         16          4         13          2
         68        142       5318         82         45         10         66         88        128         11
         43        137        140       5493          9         46         57         59        109         38
          7        211         44         17       5049         11        110         57         71        265
        128        128         57        450         69       4080        247         43        152         67
         69         45         63          4         21         50       5651          1         12          2
         32        230         70         26         69          4         11       5616         29        178
         93        202        111        296         37         41         76         59       4874         62
         44        310         50        130        201         27         21        295         71       4800

              precision    recall  f1-score   support

           0       0.92      0.95      0.94      5923
           1       0.82      0.99      0.90      6742
           2       0.90      0.89      0.90      5958
           3       0.84      0.90      0.87      6131
           4       0.92      0.86      0.89      5842
           5       0.95      0.75      0.84      5421
           6       0.88      0.95      0.92      5918
           7       0.90      0.90      0.90      6265
           8       0.89      0.83      0.86      5851
           9       0.88      0.81      0.84      5949

    accuracy                           0.89     60000
   macro avg       0.89      0.88      0.88     60000
weighted avg       0.89      0.89      0.89     60000

