       5724          1         14         29          5         13         96          8         26          7
          0       6652         29         11          3         14          7         11         10          5
         53        123       5407         45         68          5         44         95        110          8
         18         96         95       5517         11         61         32         78        161         62
          8         90         23          3       5306          3         73         24         24        288
         64         74         13        274         46       4716        129         31         37         37
         56         42         11          7         11         44       5737          0         10          0
         20        173         51          4         38          0          4       5883         13         79
         31        196         64        321         35         77         59         30       4947         91
         50         76         21        102        189         14         11        241         40       5205

              precision    recall  f1-score   support

           0       0.95      0.97      0.96      5923
           1       0.88      0.99      0.93      6742
           2       0.94      0.91      0.93      5958
           3       0.87      0.90      0.89      6131
           4       0.93      0.91      0.92      5842
           5       0.95      0.87      0.91      5421
           6       0.93      0.97      0.95      5918
           7       0.92      0.94      0.93      6265
           8       0.92      0.85      0.88      5851
           9       0.90      0.87      0.89      5949

    accuracy                           0.92     60000
   macro avg       0.92      0.92      0.92     60000
weighted avg       0.92      0.92      0.92     60000

