       5729          1         13         20          5         12        107          8         23          5
          0       6653         25         12          3         14         10         13          5          7
         48        127       5399         55         66          3         37        114         99         10
         20        104         95       5531         12         53         28         80        138         70
          5         87         24          1       5359          2         65         27         15        257
         58         80         18        265         46       4721        127         37         35         34
         48         43         10          4         10         41       5752          1          9          0
         15        177         43          3         37          0          2       5896          9         83
         29        209         59        304         47         62         54         31       4967         89
         47         72         24         95        177         10         10        231         37       5246

              precision    recall  f1-score   support

           0       0.95      0.97      0.96      5923
           1       0.88      0.99      0.93      6742
           2       0.95      0.91      0.93      5958
           3       0.88      0.90      0.89      6131
           4       0.93      0.92      0.92      5842
           5       0.96      0.87      0.91      5421
           6       0.93      0.97      0.95      5918
           7       0.92      0.94      0.93      6265
           8       0.93      0.85      0.89      5851
           9       0.90      0.88      0.89      5949

    accuracy                           0.92     60000
   macro avg       0.92      0.92      0.92     60000
weighted avg       0.92      0.92      0.92     60000

