       5722          1         12         12         11         27         94          6         31          7
          0       6639         29         11          8         17          7         12         12          7
         45         88       5473         71         37         14         53         77         78         22
         14         45         97       5553          7        104         24         74        140         73
          1         48         19          4       5349         22         70         39         16        274
         51         27         15        161         30       4942         85         28         43         39
         38         37         14         11         10         41       5761          0          4          2
         19         99         47          6         33          3          4       5930         15        109
         15        124         53        241         38        119         56         29       5092         84
         32         39         17         74        163         51         16        241         57       5259

              precision    recall  f1-score   support

           0       0.96      0.97      0.96      5923
           1       0.93      0.98      0.96      6742
           2       0.95      0.92      0.93      5958
           3       0.90      0.91      0.90      6131
           4       0.94      0.92      0.93      5842
           5       0.93      0.91      0.92      5421
           6       0.93      0.97      0.95      5918
           7       0.92      0.95      0.93      6265
           8       0.93      0.87      0.90      5851
           9       0.89      0.88      0.89      5949

    accuracy                           0.93     60000
   macro avg       0.93      0.93      0.93     60000
weighted avg       0.93      0.93      0.93     60000

