       5772          0          6         21         13         10         67          7         23          4
          0       6660         29         15          6          4          9         12          5          2
         35         72       5551         44         61          3         30         72         86          4
          6         69         71       5693          7         46         21         72         93         53
          3         74         19          1       5506          1         50         13          8        167
         26         39         11        160         51       4992         75         17         28         22
         29         34          9          7         11         40       5775          0         13          0
          9        140         42          2         45          1          2       5948          8         68
         21        157         35        194         49         72         27         26       5208         62
         30         61         13         87        141         11          8        159         35       5404

              precision    recall  f1-score   support

           0       0.97      0.97      0.97      5923
           1       0.91      0.99      0.95      6742
           2       0.96      0.93      0.95      5958
           3       0.91      0.93      0.92      6131
           4       0.93      0.94      0.94      5842
           5       0.96      0.92      0.94      5421
           6       0.95      0.98      0.96      5918
           7       0.94      0.95      0.94      6265
           8       0.95      0.89      0.92      5851
           9       0.93      0.91      0.92      5949

    accuracy                           0.94     60000
   macro avg       0.94      0.94      0.94     60000
weighted avg       0.94      0.94      0.94     60000

