       5708          1         24         20          9          5        110         14         24          8
          0       6675         23          8          3          8          8         10          4          3
         49        157       5439         40         51          1         49         95         67         10
         16        120        103       5526          8         31         30        104        121         72
          4        120         19          0       5313          6         70         31         16        263
         48        115         15        313         50       4621        145         24         44         46
         43         49         21          3          4         38       5745          1         14          0
         33        168         37          4         40          0          4       5873          8         98
         47        240         63        244         29         45         61         33       5038         51
         48        100         29         77        161         13         12        279         34       5196

              precision    recall  f1-score   support

           0       0.95      0.96      0.96      5923
           1       0.86      0.99      0.92      6742
           2       0.94      0.91      0.93      5958
           3       0.89      0.90      0.89      6131
           4       0.94      0.91      0.92      5842
           5       0.97      0.85      0.91      5421
           6       0.92      0.97      0.95      5918
           7       0.91      0.94      0.92      6265
           8       0.94      0.86      0.90      5851
           9       0.90      0.87      0.89      5949

    accuracy                           0.92     60000
   macro avg       0.92      0.92      0.92     60000
weighted avg       0.92      0.92      0.92     60000

