       5697          1         27         26          7         19        111         14         13          8
          0       6629         30         16          2         15         13         18         13          6
         86        142       5137         88        103          9         89        139        147         18
         35         84        100       5373         12         88         35        102        194        108
         12        112         34          8       4988          5         82         82         49        470
        102         73         23        379         95       4384        161         53         97         54
         78         37         33         11         23         48       5672          3         12          1
         28        177         49         16         73          4          7       5775         14        122
         64        189         65        354         67         93         77         45       4796        101
         55         94         34        101        284         31         28        345         51       4926

              precision    recall  f1-score   support

           0       0.93      0.96      0.94      5923
           1       0.88      0.98      0.93      6742
           2       0.93      0.86      0.89      5958
           3       0.84      0.88      0.86      6131
           4       0.88      0.85      0.87      5842
           5       0.93      0.81      0.87      5421
           6       0.90      0.96      0.93      5918
           7       0.88      0.92      0.90      6265
           8       0.89      0.82      0.85      5851
           9       0.85      0.83      0.84      5949

    accuracy                           0.89     60000
   macro avg       0.89      0.89      0.89     60000
weighted avg       0.89      0.89      0.89     60000

