        334          2          1          0         14          0
          4        813        181        156          6         36
          3        195        702        209         19         72
         18        502        491      13484        298       2011
         21          8         16         79       1697        222
          2         38         31        197        209       3122

              precision    recall  f1-score   support

           0       0.87      0.95      0.91       351
           1       0.52      0.68      0.59      1196
           2       0.49      0.58      0.54      1200
           3       0.95      0.80      0.87     16804
           4       0.76      0.83      0.79      2043
           5       0.57      0.87      0.69      3599

    accuracy                           0.80     25193
   macro avg       0.70      0.79      0.73     25193
weighted avg       0.84      0.80      0.81     25193



running time in seconds: 14.845

