        351          0          0          0          0          0
       1184         12          0          0          0          0
       1188          0         12          0          0          0
      16749          0          0         55          0          0
       2024          0          0          0         19          0
       3548          0          0          0          0         51

              precision    recall  f1-score   support

           0       0.01      1.00      0.03       351
           1       1.00      0.01      0.02      1196
           2       1.00      0.01      0.02      1200
           3       1.00      0.00      0.01     16804
           4       1.00      0.01      0.02      2043
           5       1.00      0.01      0.03      3599

    accuracy                           0.02     25193
   macro avg       0.84      0.17      0.02     25193
weighted avg       0.99      0.02      0.01     25193



running time in seconds: 17.585

