        323          1          2          1         20          4
          4        865        114        174          8         31
          0        216        658        230         17         79
         11        425        366      13836        364       1802
         24         13          7         65       1727        207
          1         28         34        250        189       3097

              precision    recall  f1-score   support

           0       0.89      0.92      0.90       351
           1       0.56      0.72      0.63      1196
           2       0.56      0.55      0.55      1200
           3       0.95      0.82      0.88     16804
           4       0.74      0.85      0.79      2043
           5       0.59      0.86      0.70      3599

    accuracy                           0.81     25193
   macro avg       0.72      0.79      0.74     25193
weighted avg       0.84      0.81      0.82     25193



running time in seconds: 17.707

