        351          0          0          0          0          0
          0       1196          0          0          0          0
          0          6       1194          0          0          0
          0        585        525      14189        329       1176
          2          0          0          0       2038          3
          0          6         18          2         28       3545

              precision    recall  f1-score   support

           0       0.99      1.00      1.00       351
           1       0.67      1.00      0.80      1196
           2       0.69      0.99      0.81      1200
           3       1.00      0.84      0.92     16804
           4       0.85      1.00      0.92      2043
           5       0.75      0.98      0.85      3599

    accuracy                           0.89     25193
   macro avg       0.82      0.97      0.88     25193
weighted avg       0.92      0.89      0.90     25193



running time in seconds: 16.435

