      40717          1       1914       1358        849       1976        439        307        346       1182
          0         53          0          0          0          0          0          0          0          0
        551          1       2700        179         71          6         54         28         10          0
        188          0         83       2766         96          1         13          4          1          0
         11          0          9         10       1582        187          1          0          0          0
          1          0          0          0         38       1756          0          0          0          0
          0          0          1          0          0          0        519          7          0          0
          0          0          0          0          0          0          0        593          2          0
          0          0          0          0          0          0          0          1        598          1
         23          0          0          0          0          2          0          6         20       1749

              precision    recall  f1-score   support

           0       0.98      0.83      0.90     49089
           1       0.96      1.00      0.98        53
           2       0.57      0.75      0.65      3600
           3       0.64      0.88      0.74      3152
           4       0.60      0.88      0.71      1800
           5       0.45      0.98      0.61      1795
           6       0.51      0.98      0.67       527
           7       0.63      1.00      0.77       595
           8       0.61      1.00      0.76       600
           9       0.60      0.97      0.74      1800

    accuracy                           0.84     63011
   macro avg       0.65      0.93      0.75     63011
weighted avg       0.89      0.84      0.85     63011



running time in seconds: 41.229

