      41516          1       1889       1274        667       1826        291        145        203       1277
          0         53          0          0          0          0          0          0          0          0
        615          0       2606        245         75          4         38          7          8          2
        257          0         90       2688        106          2          6          3          0          0
         11          0          7         13       1570        198          0          0          0          1
          5          0          0          0         41       1749          0          0          0          0
          3          0          0          0          0          0        515          8          0          1
          0          0          0          0          0          0          1        592          2          0
          0          0          0          0          0          0          0          2        598          0
         26          0          0          0          0          0          0          3         23       1748

              precision    recall  f1-score   support

           0       0.98      0.85      0.91     49089
           1       0.98      1.00      0.99        53
           2       0.57      0.72      0.64      3600
           3       0.64      0.85      0.73      3152
           4       0.64      0.87      0.74      1800
           5       0.46      0.97      0.63      1795
           6       0.61      0.98      0.75       527
           7       0.78      0.99      0.87       595
           8       0.72      1.00      0.83       600
           9       0.58      0.97      0.72      1800

    accuracy                           0.85     63011
   macro avg       0.69      0.92      0.78     63011
weighted avg       0.89      0.85      0.86     63011



running time in seconds: 49.375

