      37959          1        275        295        294       5577        109       2276        939       1364
          0         53          0          0          0          0          0          0          0          0
       1171          1       1910         53         69         35         15        331         14          1
        462          0         24       2414        155          0          1         91          5          0
         11          0          0          5       1012        767          0          5          0          0
          0          0          0          0          0       1795          0          0          0          0
          2          0          0          0          0          0        455         69          1          0
          0          0          0          0          0          0          0        589          6          0
          0          0          0          0          0          0          0         67        533          0
          0          0          0          0          0         65          0         78         51       1606

              precision    recall  f1-score   support

           0       0.96      0.77      0.86     49089
           1       0.96      1.00      0.98        53
           2       0.86      0.53      0.66      3600
           3       0.87      0.77      0.82      3152
           4       0.66      0.56      0.61      1800
           5       0.22      1.00      0.36      1795
           6       0.78      0.86      0.82       527
           7       0.17      0.99      0.29       595
           8       0.34      0.89      0.50       600
           9       0.54      0.89      0.67      1800

    accuracy                           0.77     63011
   macro avg       0.64      0.83      0.66     63011
weighted avg       0.89      0.77      0.81     63011



running time in seconds: 56.099

