      15135         13         99        632       5580      16246        248      11095         16         25
          0         51          0          0          1          0          1          0          0          0
        550          5        596        188       1188        104         17        952          0          0
        444          0          5       1381        819         27         19        457          0          0
          3          0          0          5        639        891          0        262          0          0
          1          0          0          0         27       1630          0        137          0          0
         18          0          0          3         46         13        180        238         25          4
          0          0          0          0          1          0          1        593          0          0
          0          0          0          1          8          0          0        440        148          3
          1          1          0          1          1        344          1        597        182        672

              precision    recall  f1-score   support

           0       0.94      0.31      0.46     49089
           1       0.73      0.96      0.83        53
           2       0.85      0.17      0.28      3600
           3       0.62      0.44      0.52      3152
           4       0.08      0.35      0.13      1800
           5       0.08      0.91      0.15      1795
           6       0.39      0.34      0.36       527
           7       0.04      1.00      0.08       595
           8       0.40      0.25      0.30       600
           9       0.95      0.37      0.54      1800

    accuracy                           0.33     63011
   macro avg       0.51      0.51      0.36     63011
weighted avg       0.85      0.33      0.43     63011



running time in seconds: 20.295

