      39879          4       2009       1506        917       2175        524        447        434       1194
          0         53          0          0          0          0          0          0          0          0
        636          3       2500        224        108         12         66         39         11          1
        216          0        101       2683        117          3         21         11          0          0
         16          0          9         22       1503        248          1          0          1          0
          1          0          0          0         52       1742          0          0          0          0
          2          0          1          0          0          0        507         14          1          2
          0          0          1          0          0          0          0        592          2          0
          0          0          0          0          0          0          0         10        589          1
         32          0          0          0          0          2          1         10         32       1723

              precision    recall  f1-score   support

           0       0.98      0.81      0.89     49089
           1       0.88      1.00      0.94        53
           2       0.54      0.69      0.61      3600
           3       0.60      0.85      0.71      3152
           4       0.56      0.83      0.67      1800
           5       0.42      0.97      0.58      1795
           6       0.45      0.96      0.62       527
           7       0.53      0.99      0.69       595
           8       0.55      0.98      0.71       600
           9       0.59      0.96      0.73      1800

    accuracy                           0.82     63011
   macro avg       0.61      0.91      0.71     63011
weighted avg       0.88      0.82      0.84     63011



running time in seconds: 39.534

