      49089          0          0          0          0          0          0          0          0          0
          0         53          0          0          0          0          0          0          0          0
          0          0       3600          0          0          0          0          0          0          0
          0          0          0       3152          0          0          0          0          0          0
          0          0          0          0       1800          0          0          0          0          0
          0          0          0          0          0       1795          0          0          0          0
          0          0          0          0          0          0        527          0          0          0
          0          0          0          0          0          0          0        595          0          0
          0          0          0          0          0          0          0          0        600          0
          0          0          0          0          0          0          0          0          0       1800

              precision    recall  f1-score   support

           0       1.00      1.00      1.00     49089
           1       1.00      1.00      1.00        53
           2       1.00      1.00      1.00      3600
           3       1.00      1.00      1.00      3152
           4       1.00      1.00      1.00      1800
           5       1.00      1.00      1.00      1795
           6       1.00      1.00      1.00       527
           7       1.00      1.00      1.00       595
           8       1.00      1.00      1.00       600
           9       1.00      1.00      1.00      1800

    accuracy                           1.00     63011
   macro avg       1.00      1.00      1.00     63011
weighted avg       1.00      1.00      1.00     63011



running time in seconds: 139.690

