       7732         14        178        508       7483      21257        700      11104        102         11
          0         51          0          0          1          0          1          0          0          0
        461          5        632        190       1295         73         48        896          0          0
        369          0          8       1322        976         10         37        430          0          0
          2          0          0          2        661        852          2        281          0          0
          2          0          0          0         37       1567          1        188          0          0
          7          0          0          4         47          5        210        215         33          6
          0          0          0          0          2          0          1        590          1          1
          1          0          0          1          8          0          0        433        145         12
          3          1          0          2          1        331          5        598        129        730

              precision    recall  f1-score   support

           0       0.90      0.16      0.27     49089
           1       0.72      0.96      0.82        53
           2       0.77      0.18      0.29      3600
           3       0.65      0.42      0.51      3152
           4       0.06      0.37      0.11      1800
           5       0.07      0.87      0.12      1795
           6       0.21      0.40      0.27       527
           7       0.04      0.99      0.08       595
           8       0.35      0.24      0.29       600
           9       0.96      0.41      0.57      1800

    accuracy                           0.22     63011
   macro avg       0.47      0.50      0.33     63011
weighted avg       0.82      0.22      0.28     63011



running time in seconds: 39.835

