      35023         16        394        630        715       5591        253       4773        696        998
          0         53          0          0          0          0          0          0          0          0
        981          3       1686         88        212         38         50        536          5          1
        362          1         39       2263        257          1         13        210          6          0
         11          0          1          1        856        877          0         53          1          0
          0          0          0          0          2       1785          0          8          0          0
          2          1          0          0          0          0        411        113          0          0
          0          0          0          0          0          0          0        594          1          0
          0          0          0          0          0          1          0        200        399          0
         10          0          0          0          0        130          0        160         31       1469

              precision    recall  f1-score   support

           0       0.96      0.71      0.82     49089
           1       0.72      1.00      0.83        53
           2       0.80      0.47      0.59      3600
           3       0.76      0.72      0.74      3152
           4       0.42      0.48      0.45      1800
           5       0.21      0.99      0.35      1795
           6       0.57      0.78      0.66       527
           7       0.09      1.00      0.16       595
           8       0.35      0.67      0.46       600
           9       0.60      0.82      0.69      1800

    accuracy                           0.71     63011
   macro avg       0.55      0.76      0.57     63011
weighted avg       0.88      0.71      0.76     63011



running time in seconds: 37.275

