      43034          0       1546       1053        532       1543        172         47         84       1078
          0         53          0          0          0          0          0          0          0          0
        579          0       2791        158         45          0         16          3          5          3
        213          0         72       2803         63          0          1          0          0          0
         11          0          7          6       1659        117          0          0          0          0
          3          0          0          0         30       1762          0          0          0          0
          0          0          0          0          0          0        526          1          0          0
          0          0          0          0          0          0          0        595          0          0
          0          0          0          0          0          0          0          1        599          0
         12          0          0          0          0          1          1          1         12       1773

              precision    recall  f1-score   support

           0       0.98      0.88      0.93     49089
           1       1.00      1.00      1.00        53
           2       0.63      0.78      0.70      3600
           3       0.70      0.89      0.78      3152
           4       0.71      0.92      0.80      1800
           5       0.51      0.98      0.68      1795
           6       0.73      1.00      0.85       527
           7       0.92      1.00      0.96       595
           8       0.86      1.00      0.92       600
           9       0.62      0.98      0.76      1800

    accuracy                           0.88     63011
   macro avg       0.77      0.94      0.84     63011
weighted avg       0.91      0.88      0.89     63011



running time in seconds: 56.797

