      43130          0          0          0          0          0          0          0          0          0
          0          0          0          0          0          0          0          0          0          0
          0          0          0          0          0          0          0          0          0          0
          0          0          0          0          0          0          0          0          0          0
          0          0          0          0          0          0          0          0          0          0
        141          0          0          0          0        340          0          0          0          0
          0          0          0          0          0          0          0          0          0          0
          0          0          0          0          0          0          0          0          0          0
          0          0          0          0          0          0          0          0          0          0
          0          0          0          0          0          0          0          0          0          0

              precision    recall  f1-score   support

           0       1.00      1.00      1.00     43130
           5       1.00      0.71      0.83       481

    accuracy                           1.00     43611
   macro avg       1.00      0.85      0.91     43611
weighted avg       1.00      1.00      1.00     43611

