       5281       2418       9470        163          9       3063       1047        511        327       1002
          0         26          1          0          0          0          2          0          0          0
          1        424       2515         25          0          9        165         96         21         21
          0        482       2586         68          0         20        261        129         20         26
         34        300       2740         33          2         76        141        128         85         52
          0        339       1263         15          0       1642        135         66          0          6
          0         79         47          3          0          2        150         10          4          0
          0         62        100          0          0          0        130          7          0          1
         31          6        105          0          0         65         20          7         31         35
         62         44        253          0          0        298        102         10         24        107

              precision    recall  f1-score   support

           0       0.98      0.23      0.37     23291
           1       0.01      0.90      0.01        29
           2       0.13      0.77      0.22      3277
           3       0.22      0.02      0.03      3592
           4       0.18      0.00      0.00      3591
           5       0.32      0.47      0.38      3466
           6       0.07      0.51      0.12       295
           7       0.01      0.02      0.01       300
           8       0.06      0.10      0.08       300
           9       0.09      0.12      0.10       900

    accuracy                           0.25     39041
   macro avg       0.21      0.31      0.13     39041
weighted avg       0.66      0.25      0.28     39041

