          0          0          0          0          0          0          0          0          0          0
          0        114         40          0          0          0          6          1          0         22
          0          0       8131          0          0          0         55         45          4        104
          0          0       1056        286          0          0          0          0          0        397
          0          0          0          0          0          0          0          0          0          0
          0          0          0          0          0          0          0          0          0          0
          0          0       1222          0          0          0       2191         78          4         93
          0          0       1127          0          0          0        248       1765         42        110
          0          0        833          0          0          0        191        105       1670        490
          0          0       1382          0          0          0         84         13         16       4887

              precision    recall  f1-score   support

           1       1.00      0.62      0.77       183
           2       0.59      0.98      0.73      8339
           3       1.00      0.16      0.28      1739
           6       0.79      0.61      0.69      3588
           7       0.88      0.54      0.67      3292
           8       0.96      0.51      0.66      3289
           9       0.80      0.77      0.78      6382

    accuracy                           0.71     26812
   macro avg       0.86      0.60      0.66     26812
weighted avg       0.78      0.71      0.69     26812



running time in seconds: 4.115

