          0          0          0          0          0          0          0          0          0          0
          0         74         78          0          0          0          0          0          0         31
          0          0       8198          0          0          0         14          6          2        119
          0          0       1141          0          0          0          0          0          0        598
          0          0          0          0          0          0          0          0          0          0
          0          0          0          0          0          0          0          0          0          0
          0          1       3130          0          0          0        383         11          0         63
          0          9       2504          0          0          0         47        334         20        378
          0          0       2239          0          0          0         12         27        297        714
          0          0       3466          0          0          0          2          1          0       2913

              precision    recall  f1-score   support

           1       0.88      0.40      0.55       183
           2       0.39      0.98      0.56      8339
           3       0.00      0.00      0.00      1739
           6       0.84      0.11      0.19      3588
           7       0.88      0.10      0.18      3292
           8       0.93      0.09      0.16      3289
           9       0.60      0.46      0.52      6382

    accuracy                           0.45     26812
   macro avg       0.65      0.31      0.31     26812
weighted avg       0.61      0.45      0.37     26812



running time in seconds: 4.583

