          0          0          0          0          0          0          0          0          0          0
          0         68         92          0          0          0          0          0          0         23
          0          0       8221          0          0          0          8          0          0        110
          0          0       1164          0          0          0          0          0          0        575
          0          0          0          0          0          0          0          0          0          0
          0          0          0          0          0          0          0          0          0          0
          0          0       3324          0          0          0        220          0          0         44
          0          5       2888          0          0          0         16         96         25        262
          0          0       2542          0          0          0          1          3        141        602
          0          0       4341          0          0          0          0          0          1       2040

              precision    recall  f1-score   support

           1       0.93      0.37      0.53       183
           2       0.36      0.99      0.53      8339
           3       0.00      0.00      0.00      1739
           6       0.90      0.06      0.11      3588
           7       0.97      0.03      0.06      3292
           8       0.84      0.04      0.08      3289
           9       0.56      0.32      0.41      6382

    accuracy                           0.40     26812
   macro avg       0.65      0.26      0.25     26812
weighted avg       0.60      0.40      0.30     26812



running time in seconds: 4.114

