          0          0          0          0          0          0          0          0          0          0
          0         84         70          0          0          0          1          0          0         28
          0          0       8163          0          0          0         13         14          3        146
          0          0       1141          0          0          0          0          0          0        598
          0          0          0          0          0          0          0          0          0          0
          0          0          0          0          0          0          0          0          0          0
          0          0       2755          0          0          0        657         22          2        152
          0          2       2188          0          0          0         98        513         12        479
          0          0       1834          0          0          0        126         32        455        842
          0          0       2617          0          0          0         18          2          0       3745

              precision    recall  f1-score   support

           1       0.98      0.46      0.62       183
           2       0.43      0.98      0.60      8339
           3       0.00      0.00      0.00      1739
           6       0.72      0.18      0.29      3588
           7       0.88      0.16      0.26      3292
           8       0.96      0.14      0.24      3289
           9       0.63      0.59      0.61      6382

    accuracy                           0.51     26812
   macro avg       0.66      0.36      0.38     26812
weighted avg       0.61      0.51      0.44     26812



running time in seconds: 0.238

