          0          0          0          0          0          0          0          0          0          0
          0         85         68          0          0          0          1          0          0         29
          0          0       8193          0          0          0         12         10          3        121
          0          0       1141          0          0          0          0          0          0        598
          0          0          0          0          0          0          0          0          0          0
          0          0          0          0          0          0          0          0          0          0
          0          0       2723          0          0          0        721         19          1        124
          0          3       2176          0          0          0        122        544         11        436
          0          0       1806          0          0          0        154         22        446        861
          0          0       2589          0          0          0         22          0          0       3771

              precision    recall  f1-score   support

           1       0.97      0.46      0.63       183
           2       0.44      0.98      0.61      8339
           3       0.00      0.00      0.00      1739
           6       0.70      0.20      0.31      3588
           7       0.91      0.17      0.28      3292
           8       0.97      0.14      0.24      3289
           9       0.63      0.59      0.61      6382

    accuracy                           0.51     26812
   macro avg       0.66      0.36      0.38     26812
weighted avg       0.62      0.51      0.44     26812



running time in seconds: 2.581

