          0          0          0          0          0          0          0          0          0          0
          0         84         73          0          0          0          1          0          0         25
          0          0       8200          0          0          0         13         10          3        113
          0          0       1138          0          0          0          0          0          0        601
          0          0          0          0          0          0          0          0          0          0
          0          0          0          0          0          0          0          0          0          0
          0          0       2733          0          0          0        721         17          0        117
          0          3       2166          0          0          0        125        529          9        460
          0          0       1802          0          0          0        144         25        443        875
          0          0       2594          0          0          0         20          1          0       3767

              precision    recall  f1-score   support

           1       0.97      0.46      0.62       183
           2       0.44      0.98      0.61      8339
           3       0.00      0.00      0.00      1739
           6       0.70      0.20      0.31      3588
           7       0.91      0.16      0.27      3292
           8       0.97      0.13      0.24      3289
           9       0.63      0.59      0.61      6382

    accuracy                           0.51     26812
   macro avg       0.66      0.36      0.38     26812
weighted avg       0.62      0.51      0.44     26812



running time in seconds: 3.444

