          0          0          0          0          0          0          0          0          0          0
          0        143         31          0          0          0          5          2          0          2
          0          0       8276          0          0          0         38         18          0          7
          0          0        402       1308          0          0          0          0          0         29
          0          0          0          0          0          0          0          0          0          0
          0          0          0          0          0          0          0          0          0          0
          0          0        795          0          0          0       2752         21          4         16
          0          0        779          1          0          0        144       2354          0         14
          0          0        673          0          0          0         90         51       2367        108
          0          0        926          0          0          0         53         10         12       5381

              precision    recall  f1-score   support

           1       1.00      0.78      0.88       183
           2       0.70      0.99      0.82      8339
           3       1.00      0.75      0.86      1739
           6       0.89      0.77      0.83      3588
           7       0.96      0.72      0.82      3292
           8       0.99      0.72      0.83      3289
           9       0.97      0.84      0.90      6382

    accuracy                           0.84     26812
   macro avg       0.93      0.80      0.85     26812
weighted avg       0.88      0.84      0.84     26812



running time in seconds: 2.970

