       4486          2        200          0          0          0        163        147        115        360
          4         69          1          0          0          0          9          0          0          1
        221         29       2037          0          0          0        273        148         85        182
          0          0          0          0          0          0          0          0          0          0
          0          0          0          0          0          0          0          0          0          0
          0          0          0          0          0          0          0          0          0          0
        125         73        224          0          0          0        522        134         31        104
         84         12        204          0          0          0        140        500         86        169
        153          2        131          0          0          0         57        174        352        169
        375          7        205          0          0          0        113        196        181        797

              precision    recall  f1-score   support

           0       0.82      0.82      0.82      5473
           1       0.36      0.82      0.50        84
           2       0.68      0.68      0.68      2975
           6       0.41      0.43      0.42      1213
           7       0.38      0.42      0.40      1195
           8       0.41      0.34      0.37      1038
           9       0.45      0.43      0.44      1874

    accuracy                           0.63     13852
   macro avg       0.50      0.56      0.52     13852
weighted avg       0.63      0.63      0.63     13852



running time in seconds: 29.475

