       4185          2        257          0          0          0         99         98         54        778
          2         55         15          0          0          0         11          1          0          0
        251          5       2224          0          0          0        171        112         43        169
          0          0          0          0          0          0          0          0          0          0
          0          0          0          0          0          0          0          0          0          0
          0          0          0          0          0          0          0          0          0          0
        156         11        316          0          0          0        531         97         15         87
        105          0        254          0          0          0        117        466         68        185
        119          0        159          0          0          0         35        117        379        229
        223          0        218          0          0          0         64         75         88       1206

              precision    recall  f1-score   support

           0       0.83      0.76      0.80      5473
           1       0.75      0.65      0.70        84
           2       0.65      0.75      0.69      2975
           6       0.52      0.44      0.47      1213
           7       0.48      0.39      0.43      1195
           8       0.59      0.37      0.45      1038
           9       0.45      0.64      0.53      1874

    accuracy                           0.65     13852
   macro avg       0.61      0.57      0.58     13852
weighted avg       0.66      0.65      0.65     13852



running time in seconds: 11.805

