       4558          1        205          0          0          0        121        107         88        393
          4         65          3          0          0          0         10          1          1          0
        295          3       2062          0          0          0        201        142         58        214
          0          0          0          0          0          0          0          0          0          0
          0          0          0          0          0          0          0          0          0          0
          0          0          0          0          0          0          0          0          0          0
        156         13        222          0          0          0        620        123         18         61
        112          1        189          0          0          0        167        499         69        158
        157          0        127          0          0          0         49        150        344        211
        372          1        180          0          0          0         81        166        114        960

              precision    recall  f1-score   support

           0       0.81      0.83      0.82      5473
           1       0.77      0.77      0.77        84
           2       0.69      0.69      0.69      2975
           6       0.50      0.51      0.50      1213
           7       0.42      0.42      0.42      1195
           8       0.50      0.33      0.40      1038
           9       0.48      0.51      0.50      1874

    accuracy                           0.66     13852
   macro avg       0.59      0.58      0.59     13852
weighted avg       0.65      0.66      0.65     13852



running time in seconds: 7.374

