       5333          0         32          0          0          0         11         11         16         70
          3         76          2          0          0          0          3          0          0          0
        161          2       2725          0          0          0         28         16         12         31
          0          0          0          0          0          0          0          0          0          0
          0          0          0          0          0          0          0          0          0          0
          0          0          0          0          0          0          0          0          0          0
        121          4        159          0          0          0        872         36          6         15
        130          2        149          0          0          0         71        768         41         34
        157          0         87          0          0          0         40         56        665         33
        257          2         97          0          0          0         38         71         38       1371

              precision    recall  f1-score   support

           0       0.87      0.97      0.92      5473
           1       0.88      0.90      0.89        84
           2       0.84      0.92      0.88      2975
           6       0.82      0.72      0.77      1213
           7       0.80      0.64      0.71      1195
           8       0.85      0.64      0.73      1038
           9       0.88      0.73      0.80      1874

    accuracy                           0.85     13852
   macro avg       0.85      0.79      0.81     13852
weighted avg       0.85      0.85      0.85     13852



running time in seconds: 40.061

