       5100          0        119          0          0          0         32         32         29        161
         11         41         12          0          0          0         18          2          0          0
        218          1       2567          0          0          0         54         37         20         78
          0          0          0          0          0          0          0          0          0          0
          0          0          0          0          0          0          0          0          0          0
          0          0          0          0          0          0          0          0          0          0
        175          4        275          0          0          0        631         80         17         31
        148          0        227          0          0          0         79        595         71         75
        164          0        139          0          0          0         28         71        508        128
        323          0        170          0          0          0         46         78         95       1162

              precision    recall  f1-score   support

           0       0.83      0.93      0.88      5473
           1       0.89      0.49      0.63        84
           2       0.73      0.86      0.79      2975
           6       0.71      0.52      0.60      1213
           7       0.66      0.50      0.57      1195
           8       0.69      0.49      0.57      1038
           9       0.71      0.62      0.66      1874

    accuracy                           0.77     13852
   macro avg       0.75      0.63      0.67     13852
weighted avg       0.76      0.77      0.76     13852



running time in seconds: 132.017

