       5284          0         35          0          0          0         19         12         14        109
          3         73          6          0          0          0          2          0          0          0
        179          4       2680          0          0          0         38         27         12         35
          0          0          0          0          0          0          0          0          0          0
          0          0          0          0          0          0          0          0          0          0
          0          0          0          0          0          0          0          0          0          0
        132          6        170          0          0          0        848         38          9         10
        138          0        150          0          0          0         67        767         44         29
        144          1        107          0          0          0         40         69        621         56
        283          0        107          0          0          0         43         68         47       1326

              precision    recall  f1-score   support

           0       0.86      0.97      0.91      5473
           1       0.87      0.87      0.87        84
           2       0.82      0.90      0.86      2975
           6       0.80      0.70      0.75      1213
           7       0.78      0.64      0.70      1195
           8       0.83      0.60      0.70      1038
           9       0.85      0.71      0.77      1874

    accuracy                           0.84     13852
   macro avg       0.83      0.77      0.79     13852
weighted avg       0.84      0.84      0.83     13852



running time in seconds: 122.264

