       4059          2        258          0          0          0        111        101         50        892
          4         48         14          0          0          0         16          1          0          1
        239          5       2128          0          0          0        177        119         44        263
          0          0          0          0          0          0          0          0          0          0
          0          0          0          0          0          0          0          0          0          0
          0          0          0          0          0          0          0          0          0          0
        143         13        310          0          0          0        477        117         17        136
        100          0        229          0          0          0        107        434         68        257
        113          0        162          0          0          0         40        141        312        270
        176          0        179          0          0          0         56         92         81       1290

              precision    recall  f1-score   support

           0       0.84      0.74      0.79      5473
           1       0.71      0.57      0.63        84
           2       0.65      0.72      0.68      2975
           6       0.48      0.39      0.43      1213
           7       0.43      0.36      0.39      1195
           8       0.55      0.30      0.39      1038
           9       0.41      0.69      0.52      1874

    accuracy                           0.63     13852
   macro avg       0.58      0.54      0.55     13852
weighted avg       0.65      0.63      0.63     13852



running time in seconds: 12.302

