       4584          0        203          0          0          0        107         80         80        419
          4         58         10          0          0          0         11          0          0          1
        278          3       2220          0          0          0        162         99         37        176
          0          0          0          0          0          0          0          0          0          0
          0          0          0          0          0          0          0          0          0          0
          0          0          0          0          0          0          0          0          0          0
        155          8        262          0          0          0        626         93         17         52
        110          1        216          0          0          0        123        520         73        152
        134          0        130          0          0          0         29        107        425        213
        350          0        182          0          0          0         59         92        118       1073

              precision    recall  f1-score   support

           0       0.82      0.84      0.83      5473
           1       0.83      0.69      0.75        84
           2       0.69      0.75      0.72      2975
           6       0.56      0.52      0.54      1213
           7       0.52      0.44      0.48      1195
           8       0.57      0.41      0.48      1038
           9       0.51      0.57      0.54      1874

    accuracy                           0.69     13852
   macro avg       0.64      0.60      0.62     13852
weighted avg       0.68      0.69      0.68     13852



running time in seconds: 11.304

