       5117          0        116          0          0          0         22         29         27        162
         13         41         11          0          0          0         17          2          0          0
        236          1       2559          0          0          0         45         33         19         82
          0          0          0          0          0          0          0          0          0          0
          0          0          0          0          0          0          0          0          0          0
          0          0          0          0          0          0          0          0          0          0
        191          5        290          0          0          0        598         84         15         30
        142          0        246          0          0          0         70        580         81         76
        159          0        146          0          0          0         28         72        489        144
        338          0        159          0          0          0         41         77         97       1162

              precision    recall  f1-score   support

           0       0.83      0.93      0.88      5473
           1       0.87      0.49      0.63        84
           2       0.73      0.86      0.79      2975
           6       0.73      0.49      0.59      1213
           7       0.66      0.49      0.56      1195
           8       0.67      0.47      0.55      1038
           9       0.70      0.62      0.66      1874

    accuracy                           0.76     13852
   macro avg       0.74      0.62      0.66     13852
weighted avg       0.75      0.76      0.75     13852



running time in seconds: 133.650

