        127         17         10         42         46          7
         42       1209        177        269        130         52
         15        439        969        284         63         30
        106       1180       1023       3566        116        403
        168       1211        836       1229       3011        365
         82       1504       1047       2115       1000       3922

              precision    recall  f1-score   support

           0       0.24      0.51      0.32       249
           1       0.22      0.64      0.33      1879
           2       0.24      0.54      0.33      1800
           3       0.48      0.56      0.51      6394
           4       0.69      0.44      0.54      6820
           5       0.82      0.41      0.54      9670

    accuracy                           0.48     26812
   macro avg       0.45      0.52      0.43     26812
weighted avg       0.62      0.48      0.50     26812



running time in seconds: 12.641

