         94         18          5         61         48         23
          0        741        177        626        236         99
          0        326        514        730        179         51
          4        847        484       4499        183        377
         28        949        537       2119       2517        670
          9       1085        811       3137       1688       2940

              precision    recall  f1-score   support

           0       0.70      0.38      0.49       249
           1       0.19      0.39      0.25      1879
           2       0.20      0.29      0.24      1800
           3       0.40      0.70      0.51      6394
           4       0.52      0.37      0.43      6820
           5       0.71      0.30      0.43      9670

    accuracy                           0.42     26812
   macro avg       0.45      0.41      0.39     26812
weighted avg       0.52      0.42      0.42     26812



running time in seconds: 7.403

