         59         22          4         38        109         17
         76        997        162        293        244        107
         27        523        505        460        201         84
        226       1368        495       3752        211        342
        196       1394        371       1216       3114        529
        177       1534        462       2434       2102       2961

              precision    recall  f1-score   support

           0       0.08      0.24      0.12       249
           1       0.17      0.53      0.26      1879
           2       0.25      0.28      0.27      1800
           3       0.46      0.59      0.51      6394
           4       0.52      0.46      0.49      6820
           5       0.73      0.31      0.43      9670

    accuracy                           0.42     26812
   macro avg       0.37      0.40      0.35     26812
weighted avg       0.54      0.42      0.44     26812



running time in seconds: 10.634

