         81          7          4         57         81         19
          2        419        120        768        431        139
          0        189        345        832        268        166
          3        332        256       4949        278        576
         19        366        189       2152       3476        618
          2        483        265       2954       2135       3831

              precision    recall  f1-score   support

           0       0.76      0.33      0.46       249
           1       0.23      0.22      0.23      1879
           2       0.29      0.19      0.23      1800
           3       0.42      0.77      0.55      6394
           4       0.52      0.51      0.52      6820
           5       0.72      0.40      0.51      9670

    accuracy                           0.49     26812
   macro avg       0.49      0.40      0.41     26812
weighted avg       0.53      0.49      0.48     26812



running time in seconds: 12.862

