        120          5          0         30         70         24
          3       1002         86        254        335        199
          0         77        894        437        190        202
          1         59        126       5374        258        576
         11         83         82        426       5684        534
          1        128        116        686        883       7856

              precision    recall  f1-score   support

           0       0.88      0.48      0.62       249
           1       0.74      0.53      0.62      1879
           2       0.69      0.50      0.58      1800
           3       0.75      0.84      0.79      6394
           4       0.77      0.83      0.80      6820
           5       0.84      0.81      0.82      9670

    accuracy                           0.78     26812
   macro avg       0.78      0.67      0.71     26812
weighted avg       0.78      0.78      0.78     26812



running time in seconds: 25.680

