        184          1          0         30         30          4
         94        284        128        743        399        231
          8         89        266        934        291        212
         39        102        159       5386        227        481
        154        143        165       2059       3442        857
         91        217        204       3172       1981       4005

              precision    recall  f1-score   support

           0       0.32      0.74      0.45       249
           1       0.34      0.15      0.21      1879
           2       0.29      0.15      0.20      1800
           3       0.44      0.84      0.58      6394
           4       0.54      0.50      0.52      6820
           5       0.69      0.41      0.52      9670

    accuracy                           0.51     26812
   macro avg       0.44      0.47      0.41     26812
weighted avg       0.54      0.51      0.49     26812



running time in seconds: 26.332

