        211          1          0          7         26          4
          8       1674         18         48         79         52
          2         84       1534         84         46         50
          8        144        173       5744        114        211
         18        144        102        210       6155        191
          6        179        152        282        233       8818

              precision    recall  f1-score   support

           0       0.83      0.85      0.84       249
           1       0.75      0.89      0.82      1879
           2       0.78      0.85      0.81      1800
           3       0.90      0.90      0.90      6394
           4       0.93      0.90      0.91      6820
           5       0.95      0.91      0.93      9670

    accuracy                           0.90     26812
   macro avg       0.86      0.88      0.87     26812
weighted avg       0.90      0.90      0.90     26812



running time in seconds: 18.861

