        188          1          1         30         22          7
         98        283        165        744        417        172
          3        133        526        807        232         99
         89        170        500       4999        222        414
        214        157        388       2018       3424        619
        118        215        441       2977       1839       4080

              precision    recall  f1-score   support

           0       0.26      0.76      0.39       249
           1       0.30      0.15      0.20      1879
           2       0.26      0.29      0.28      1800
           3       0.43      0.78      0.56      6394
           4       0.56      0.50      0.53      6820
           5       0.76      0.42      0.54      9670

    accuracy                           0.50     26812
   macro avg       0.43      0.48      0.42     26812
weighted avg       0.56      0.50      0.50     26812



running time in seconds: 20.146

