        114          7          1         34         64         29
          2       1011         87        288        284        207
          0         72        961        359        211        197
          1         68        147       5285        300        593
          8        104        109        540       5529        530
          0        140        125        734        858       7813

              precision    recall  f1-score   support

           0       0.91      0.46      0.61       249
           1       0.72      0.54      0.62      1879
           2       0.67      0.53      0.60      1800
           3       0.73      0.83      0.78      6394
           4       0.76      0.81      0.79      6820
           5       0.83      0.81      0.82      9670

    accuracy                           0.77     26812
   macro avg       0.77      0.66      0.70     26812
weighted avg       0.77      0.77      0.77     26812



running time in seconds: 17.373

