       5647          1         20         30          6         13        161         13         23          9
          0       6654         24         12          3         13         16         10          6          4
         73        229       5120         67         91          2         83        142        133         18
         30        153        117       5349         12         61         56         97        177         79
         11        129         30          1       5160          1        103         42         32        333
        112        155         23        470         77       4212        188         70         56         58
         84         73         26         10         16         49       5638         10         12          0
         23        263         49          4         41          0          2       5790         16         77
         58        316         71        405         49         62         75         56       4651        108
         57        137         17         96        282         16         13        352         55       4924

              precision    recall  f1-score   support

           0       0.93      0.95      0.94      5923
           1       0.82      0.99      0.90      6742
           2       0.93      0.86      0.89      5958
           3       0.83      0.87      0.85      6131
           4       0.90      0.88      0.89      5842
           5       0.95      0.78      0.86      5421
           6       0.89      0.95      0.92      5918
           7       0.88      0.92      0.90      6265
           8       0.90      0.79      0.84      5851
           9       0.88      0.83      0.85      5949

    accuracy                           0.89     60000
   macro avg       0.89      0.88      0.88     60000
weighted avg       0.89      0.89      0.88     60000

