       5350         89         25        262          4          1        110         64         14          4
          0       6703         13          7          0          1          1         13          3          1
         72        778       4453        176         75          0        109        205         78         12
         34        589         99       5045         10          5         45        148        112         44
         11        468         58         25       4525          0         92        195         26        442
        298       1089         39       1505        102       1663        164        241        177        143
        138        463         64         93         11         15       5097         16         21          0
         47        553         27          8         21          0          9       5544          4         52
         84       1279        117        458         32          8         75        103       3602         93
         56        575         80        106        277          3         26        904         30       3892

              precision    recall  f1-score   support

           0       0.88      0.90      0.89      5923
           1       0.53      0.99      0.69      6742
           2       0.90      0.75      0.81      5958
           3       0.66      0.82      0.73      6131
           4       0.89      0.77      0.83      5842
           5       0.98      0.31      0.47      5421
           6       0.89      0.86      0.88      5918
           7       0.75      0.88      0.81      6265
           8       0.89      0.62      0.73      5851
           9       0.83      0.65      0.73      5949

    accuracy                           0.76     60000
   macro avg       0.82      0.76      0.76     60000
weighted avg       0.81      0.76      0.76     60000

