       5802          1          5         11          5         14         60          4         11         10
          0       6674         25         10          5          5          4         11          5          3
         37         62       5598         30         45          4         28         74         71          9
          7         55         70       5687          9         46         29         72         97         59
          3         68         14          1       5498          2         41         17          9        189
         26         22         13        122         29       5078         80         13         14         24
         28         21          8          4          9         34       5807          1          6          0
          6        141         32          1         27          1          2       5963          8         84
         20        132         34        206         20         64         28         24       5239         84
         30         65         12         92        117         14          8        144         24       5443

              precision    recall  f1-score   support

           0       0.97      0.98      0.98      5923
           1       0.92      0.99      0.95      6742
           2       0.96      0.94      0.95      5958
           3       0.92      0.93      0.93      6131
           4       0.95      0.94      0.95      5842
           5       0.97      0.94      0.95      5421
           6       0.95      0.98      0.97      5918
           7       0.94      0.95      0.95      6265
           8       0.96      0.90      0.92      5851
           9       0.92      0.91      0.92      5949

    accuracy                           0.95     60000
   macro avg       0.95      0.95      0.95     60000
weighted avg       0.95      0.95      0.95     60000

