       5653          2         18         36          6         11        153         13         21         10
          0       6641         27         16          2         18         13         10         10          5
         76        192       5196         78         65          3         88        131        113         16
         33        132        121       5392          7         59         51         84        177         75
         13        123         39          9       5143          3        104         34         33        341
        114        137         28        485         55       4265        173         53         56         55
         77         79         33         14          9         49       5642          0         15          0
         30        254         60          5         41          1          2       5761         15         96
         65        270         67        421         41         66         77         49       4680        115
         64        133         28        117        256         15         14        337         56       4929

              precision    recall  f1-score   support

           0       0.92      0.95      0.94      5923
           1       0.83      0.99      0.90      6742
           2       0.93      0.87      0.90      5958
           3       0.82      0.88      0.85      6131
           4       0.91      0.88      0.90      5842
           5       0.95      0.79      0.86      5421
           6       0.89      0.95      0.92      5918
           7       0.89      0.92      0.90      6265
           8       0.90      0.80      0.85      5851
           9       0.87      0.83      0.85      5949

    accuracy                           0.89     60000
   macro avg       0.89      0.89      0.89     60000
weighted avg       0.89      0.89      0.89     60000

