       5638          1         23         45          5         13        152         15         23          8
          0       6662         21         13          3          8         14         12          5          4
         73        220       5147         75         82          3         85        138        118         17
         31        151        108       5376         12         65         50         96        166         76
         13        134         30          1       5161          1        106         36         28        332
        118        163         20        488         83       4192        186         58         59         54
         83         80         22          9         14         42       5653          4         11          0
         36        252         46          4         42          0          4       5789         11         81
         61        321         70        384         51         56         76         48       4681        103
         59        140         24        100        291         10         13        330         53       4929

              precision    recall  f1-score   support

           0       0.92      0.95      0.94      5923
           1       0.82      0.99      0.90      6742
           2       0.93      0.86      0.90      5958
           3       0.83      0.88      0.85      6131
           4       0.90      0.88      0.89      5842
           5       0.95      0.77      0.85      5421
           6       0.89      0.96      0.92      5918
           7       0.89      0.92      0.91      6265
           8       0.91      0.80      0.85      5851
           9       0.88      0.83      0.85      5949

    accuracy                           0.89     60000
   macro avg       0.89      0.88      0.89     60000
weighted avg       0.89      0.89      0.89     60000

