       5814          1          5         10          4          8         55          6         14          6
          0       6672         26          9          3          7          7          8          5          5
         27         58       5654         23         35          1         15         65         72          8
          4         51         52       5760          6         35         21         62         86         54
          4         56         11          1       5563          1         37         14          8        147
         23         22          7        107         26       5137         70          7         10         12
         26         22          4          1          6         29       5823          0          7          0
          7        114         35          1         21          0          0       6013          8         66
         14        126         28        155         22         56         32         20       5344         54
         26         41         14         91         95         13          4        130         32       5503

              precision    recall  f1-score   support

           0       0.98      0.98      0.98      5923
           1       0.93      0.99      0.96      6742
           2       0.97      0.95      0.96      5958
           3       0.94      0.94      0.94      6131
           4       0.96      0.95      0.96      5842
           5       0.97      0.95      0.96      5421
           6       0.96      0.98      0.97      5918
           7       0.95      0.96      0.96      6265
           8       0.96      0.91      0.93      5851
           9       0.94      0.93      0.93      5949

    accuracy                           0.95     60000
   macro avg       0.96      0.95      0.95     60000
weighted avg       0.95      0.95      0.95     60000

