       5646          7         21         29         19         13        103         21         48         16
          1       6640         28         10          3         13         10         25          8          4
         77        228       5061        101         81          4         92        185        123          6
         42        196        153       5241         22         68         47        153        146         63
         21        181         54          6       5007         17        130         97         26        303
        139        253         40        746         84       3727        189        106         94         43
        101        164         42         18         11         51       5496         10         25          0
        101        237         34         13         74          5         13       5679         13         96
         69        361        117        456         58         65         77        103       4471         74
         68        152         48        126        368         21         31        512         53       4570

              precision    recall  f1-score   support

           0       0.90      0.95      0.93      5923
           1       0.79      0.98      0.88      6742
           2       0.90      0.85      0.88      5958
           3       0.78      0.85      0.81      6131
           4       0.87      0.86      0.87      5842
           5       0.94      0.69      0.79      5421
           6       0.89      0.93      0.91      5918
           7       0.82      0.91      0.86      6265
           8       0.89      0.76      0.82      5851
           9       0.88      0.77      0.82      5949

    accuracy                           0.86     60000
   macro avg       0.87      0.86      0.86     60000
weighted avg       0.86      0.86      0.86     60000

