       4990        166         84        380         21          9        126         98         45          4
          0       6528         16          7          1          1          4        179          5          1
        157        991       4026        112        113          3        268        158        104         26
        125        865        258       4112         32         42         71        314        251         61
         12        847         97         36       3924          4        186        104         36        596
        328       1320        107       1373        108       1048        234        153        447        303
         97       1190        312        142        115         20       3973         22         46          1
        132        874         49         44        244          8          4       4745         32        133
         95       1232        315        641         69         33        144        299       2900        123
         65        697         70        138       1215         19         73        885         95       2692

              precision    recall  f1-score   support

           0       0.83      0.84      0.84      5923
           1       0.44      0.97      0.61      6742
           2       0.75      0.68      0.71      5958
           3       0.59      0.67      0.63      6131
           4       0.67      0.67      0.67      5842
           5       0.88      0.19      0.32      5421
           6       0.78      0.67      0.72      5918
           7       0.68      0.76      0.72      6265
           8       0.73      0.50      0.59      5851
           9       0.68      0.45      0.54      5949

    accuracy                           0.65     60000
   macro avg       0.71      0.64      0.64     60000
weighted avg       0.70      0.65      0.64     60000

