       5594         53         16         39          5          1        126         68         16          5
          0       6702         12          8          1          4          2          9          2          2
        142        874       4311        159         98          0         57        248         52         17
         48        695        106       4939          8          3         41        166         54         71
         21        453         29         11       4678          0         69        216         10        355
        220       1238         30       1656        119       1369        190        346         99        154
        162        524         39         23         32         10       5067         48         11          2
         41        493         20          6         41          0          0       5602          5         57
        113       1417         60        609         47          6         63        206       3223        107
         59        467         19        117        238          3         12        963          6       4065

              precision    recall  f1-score   support

           0       0.87      0.94      0.91      5923
           1       0.52      0.99      0.68      6742
           2       0.93      0.72      0.81      5958
           3       0.65      0.81      0.72      6131
           4       0.89      0.80      0.84      5842
           5       0.98      0.25      0.40      5421
           6       0.90      0.86      0.88      5918
           7       0.71      0.89      0.79      6265
           8       0.93      0.55      0.69      5851
           9       0.84      0.68      0.75      5949

    accuracy                           0.76     60000
   macro avg       0.82      0.75      0.75     60000
weighted avg       0.82      0.76      0.75     60000

