       5448         16         51        108          9         28        180         34         41          8
          1       6639         24         10          2          2         17         29         12          6
        271        379       4350        211         84         26        246        157        198         36
        158        585        237       4201         26        176        117        195        351         85
         76        384         89         15       4179         14         99        234         62        690
        525        564         66        702        139       2377        356        309        247        136
        277        155        103         26         76         36       5139         21         57         28
         79        471         78         23        125          3         19       5010         37        420
        273        803        158        442         56        143         87         82       3650        157
        154        391         78         67        604         43         46        589         68       3909

              precision    recall  f1-score   support

           0       0.75      0.92      0.83      5923
           1       0.64      0.98      0.78      6742
           2       0.83      0.73      0.78      5958
           3       0.72      0.69      0.70      6131
           4       0.79      0.72      0.75      5842
           5       0.83      0.44      0.57      5421
           6       0.81      0.87      0.84      5918
           7       0.75      0.80      0.78      6265
           8       0.77      0.62      0.69      5851
           9       0.71      0.66      0.68      5949

    accuracy                           0.75     60000
   macro avg       0.76      0.74      0.74     60000
weighted avg       0.76      0.75      0.74     60000

