       5522         25         29         82          8          2        186         38         24          7
          0       6689         17          7          1          0         14         12          1          1
        162        657       4548         83        100          0        143        186         72          7
         89        428        142       5026         16          5         97        135        144         49
         28        381         39         13       4712          0        159         98         26        386
        361        782         38       1389        128       1878        348        238        126        133
        152        301         55         23         21         18       5334          8          5          1
         77        494         46          8         51          0          7       5535          7         40
        142        859         94        559         46         12         88        139       3816         96
         91        438         53        150        462          2         23        773         32       3925

              precision    recall  f1-score   support

           0       0.83      0.93      0.88      5923
           1       0.61      0.99      0.75      6742
           2       0.90      0.76      0.83      5958
           3       0.68      0.82      0.75      6131
           4       0.85      0.81      0.83      5842
           5       0.98      0.35      0.51      5421
           6       0.83      0.90      0.87      5918
           7       0.77      0.88      0.82      6265
           8       0.90      0.65      0.76      5851
           9       0.84      0.66      0.74      5949

    accuracy                           0.78     60000
   macro avg       0.82      0.78      0.77     60000
weighted avg       0.81      0.78      0.78     60000

