       5715          1         10         24          9         13        117          7         19          8
          0       6652         24         14          3         15         10         10          8          6
         49        105       5407         49         77          4         46        106        102         13
         14        103         91       5520          9         66         35         77        150         66
          5         91         19          1       5348          2         66         24         24        262
         65         63         16        262         51       4747        117         27         32         41
         53         43         11          6         14         45       5737          1          8          0
         15        181         48          3         39          1          3       5877         17         81
         28        204         58        305         44         74         61         35       4939        103
         47         74         20         92        222         15         10        236         46       5187

              precision    recall  f1-score   support

           0       0.95      0.96      0.96      5923
           1       0.88      0.99      0.93      6742
           2       0.95      0.91      0.93      5958
           3       0.88      0.90      0.89      6131
           4       0.92      0.92      0.92      5842
           5       0.95      0.88      0.91      5421
           6       0.93      0.97      0.95      5918
           7       0.92      0.94      0.93      6265
           8       0.92      0.84      0.88      5851
           9       0.90      0.87      0.89      5949

    accuracy                           0.92     60000
   macro avg       0.92      0.92      0.92     60000
weighted avg       0.92      0.92      0.92     60000

