       5836          1          3         10          1          2         51          3         10          6
          0       6682         25         10          2          2          5         12          2          2
         17         74       5688         16         30          0          9         54         66          4
          3         75         38       5816          4         14         11         59         62         49
          3         70          9          0       5579          1         28         15          7        130
         21         41          7        124         15       5100         67         11         21         14
         15         28          3          1          3         21       5842          0          5          0
          7        138         24          1         19          0          0       6012          7         57
         10        134         19        111         15         24         19         18       5467         34
         26         65          5         83         54          3          4        121         25       5563

              precision    recall  f1-score   support

           0       0.98      0.99      0.98      5923
           1       0.91      0.99      0.95      6742
           2       0.98      0.95      0.97      5958
           3       0.94      0.95      0.95      6131
           4       0.98      0.95      0.96      5842
           5       0.99      0.94      0.96      5421
           6       0.97      0.99      0.98      5918
           7       0.95      0.96      0.96      6265
           8       0.96      0.93      0.95      5851
           9       0.95      0.94      0.94      5949

    accuracy                           0.96     60000
   macro avg       0.96      0.96      0.96     60000
weighted avg       0.96      0.96      0.96     60000

