       5437         17         21        154          6          1        221         36         21          9
          0       6678         16         12          0          0         22         11          3          0
        130        590       4461        164         92          0        191        200        122          8
         63        425        101       5018         13         11        102        131        219         48
         25        408         42         27       4596          0        204         83         37        420
        396        753         28       1474        107       1777        366        269        138        113
        126        272         68         35         11         15       5371         10         10          0
         64        519         41         14         40          1          4       5527         15         40
        145        878         67        630         56         13         84        108       3782         88
         79        448         62        156        520          6         27        832         61       3758

              precision    recall  f1-score   support

           0       0.84      0.92      0.88      5923
           1       0.61      0.99      0.75      6742
           2       0.91      0.75      0.82      5958
           3       0.65      0.82      0.73      6131
           4       0.84      0.79      0.81      5842
           5       0.97      0.33      0.49      5421
           6       0.81      0.91      0.86      5918
           7       0.77      0.88      0.82      6265
           8       0.86      0.65      0.74      5851
           9       0.84      0.63      0.72      5949

    accuracy                           0.77     60000
   macro avg       0.81      0.77      0.76     60000
weighted avg       0.81      0.77      0.76     60000

