       5806          1          4          8          5          7         63          6         17          6
          0       6672         22         11          3         10          5         11          4          4
         32         55       5634         23         40          2         18         80         67          7
          8         53         57       5733          4         47         21         57         93         58
          4         53         10          1       5527          2         40         13          9        183
         25         25         11        118         28       5101         67         12         17         17
         22         20          6          1          7         32       5826          0          4          0
          7        108         35          3         25          0          1       6001         10         75
         18        124         29        166         28         66         34         25       5293         68
         29         38         12         90         84         14          4        128         31       5519

              precision    recall  f1-score   support

           0       0.98      0.98      0.98      5923
           1       0.93      0.99      0.96      6742
           2       0.97      0.95      0.96      5958
           3       0.93      0.94      0.93      6131
           4       0.96      0.95      0.95      5842
           5       0.97      0.94      0.95      5421
           6       0.96      0.98      0.97      5918
           7       0.95      0.96      0.95      6265
           8       0.95      0.90      0.93      5851
           9       0.93      0.93      0.93      5949

    accuracy                           0.95     60000
   macro avg       0.95      0.95      0.95     60000
weighted avg       0.95      0.95      0.95     60000

