       5274         78        116        147          7          6        161         93         38          3
          0       6575         78         50          0          2         18         13          5          1
        139        620       4239        270         37          1        303        170        150         29
         89        298        186       4937          4         61         83        191        244         38
         25        914        189        190       2560          3        338        968        109        546
        475        637        151       1040         38       1816        360        382        385        137
        122        405        100         80         30          7       5115         17         39          3
        101        871        104         93         86          1          7       4904         33         65
        151        877        147        622         36         60         90         82       3715         71
         97        706        108        287        256         12         71       1268        147       2997

              precision    recall  f1-score   support

           0       0.81      0.89      0.85      5923
           1       0.55      0.98      0.70      6742
           2       0.78      0.71      0.75      5958
           3       0.64      0.81      0.71      6131
           4       0.84      0.44      0.58      5842
           5       0.92      0.33      0.49      5421
           6       0.78      0.86      0.82      5918
           7       0.61      0.78      0.68      6265
           8       0.76      0.63      0.69      5851
           9       0.77      0.50      0.61      5949

    accuracy                           0.70     60000
   macro avg       0.75      0.69      0.69     60000
weighted avg       0.74      0.70      0.69     60000

