       5652          1         18         35          7         10        148         17         24         11
          0       6656         25         12          2         12         12         11          6          6
         84        198       5153         70         83          4         93        139        118         16
         31        161        120       5346         13         65         52         96        166         81
         13        148         25          2       5110          1         99         41         27        376
        107        148         22        482         79       4225        181         70         50         57
         86         79         28         11          9         45       5647          4          9          0
         32        274         46          3         40          1          5       5767         17         80
         72        310         82        409         40         53         70         53       4648        114
         65        145         24        103        278         13         15        322         47       4937

              precision    recall  f1-score   support

           0       0.92      0.95      0.94      5923
           1       0.82      0.99      0.90      6742
           2       0.93      0.86      0.90      5958
           3       0.83      0.87      0.85      6131
           4       0.90      0.87      0.89      5842
           5       0.95      0.78      0.86      5421
           6       0.89      0.95      0.92      5918
           7       0.88      0.92      0.90      6265
           8       0.91      0.79      0.85      5851
           9       0.87      0.83      0.85      5949

    accuracy                           0.89     60000
   macro avg       0.89      0.88      0.88     60000
weighted avg       0.89      0.89      0.88     60000

