       5498         37         21        101          5          0        198         41         13          9
          0       6688         16          8          0          3         15         10          2          0
        150        637       4522        143         95          0        109        189         95         18
         50        465        110       5065         12          6         91        132        141         59
         27        438         38         21       4599          0        167        138         23        391
        283        871         26       1438        123       1657        356        350        168        149
        136        313         66         31         15         13       5316         18          9          1
         83        559         39          6         25          0          4       5497          8         44
        115        911         73        584         37          6         76        123       3823        103
         85        483         44        133        338          2         19        787         35       4023

              precision    recall  f1-score   support

           0       0.86      0.93      0.89      5923
           1       0.59      0.99      0.74      6742
           2       0.91      0.76      0.83      5958
           3       0.67      0.83      0.74      6131
           4       0.88      0.79      0.83      5842
           5       0.98      0.31      0.47      5421
           6       0.84      0.90      0.87      5918
           7       0.75      0.88      0.81      6265
           8       0.89      0.65      0.75      5851
           9       0.84      0.68      0.75      5949

    accuracy                           0.78     60000
   macro avg       0.82      0.77      0.77     60000
weighted avg       0.81      0.78      0.77     60000

