       5416         83         22         42         19         28        233         39         33          8
          0       6612         17          5         31         10         28         21         17          1
        167        360       4398        289        189          4        199        210        136          6
         99        495        191       4423        171         77        138        212        267         58
         46        597        172         45       3894         14        339        258        121        356
        230        730         52       1095        239       2305        318        242        184         26
        127        274         91         13         42         22       5321         12         16          0
        125        592         73         56         51         10         28       5268         21         41
         98        817         85        677        179         46        103        174       3631         41
        124        687        294        316        442         47        121       1077         92       2749

              precision    recall  f1-score   support

           0       0.84      0.91      0.88      5923
           1       0.59      0.98      0.74      6742
           2       0.82      0.74      0.77      5958
           3       0.64      0.72      0.68      6131
           4       0.74      0.67      0.70      5842
           5       0.90      0.43      0.58      5421
           6       0.78      0.90      0.83      5918
           7       0.70      0.84      0.76      6265
           8       0.80      0.62      0.70      5851
           9       0.84      0.46      0.60      5949

    accuracy                           0.73     60000
   macro avg       0.76      0.73      0.72     60000
weighted avg       0.76      0.73      0.73     60000

