       5812          1          3         10          5          5         58          6         16          7
          0       6662         25         12          3         11          8         11          3          7
         30         59       5627         29         38          2         27         64         77          5
          3         45         63       5745          6         27         23         66         84         69
          4         48         13          0       5549          1         36         15          6        170
         17         25          7        112         27       5130         66         12         11         14
         25         24          8          2          8         30       5813          0          8          0
          7        115         38          2         29          0          0       5996          9         69
         14        122         35        156         30         50         31         23       5336         54
         22         38         12         88         83         10          4        123         33       5536

              precision    recall  f1-score   support

           0       0.98      0.98      0.98      5923
           1       0.93      0.99      0.96      6742
           2       0.97      0.94      0.95      5958
           3       0.93      0.94      0.94      6131
           4       0.96      0.95      0.96      5842
           5       0.97      0.95      0.96      5421
           6       0.96      0.98      0.97      5918
           7       0.95      0.96      0.95      6265
           8       0.96      0.91      0.93      5851
           9       0.93      0.93      0.93      5949

    accuracy                           0.95     60000
   macro avg       0.95      0.95      0.95     60000
weighted avg       0.95      0.95      0.95     60000

