       3810        527        174        396          9         34        376        408        120         69
          0       6664         17          9          2          3         17         15         15          0
        253        970       2775        751         58         34        425        292        320         80
         76       1080        369       3924         24         65        107        150        259         77
         27        837         80         65       1608         10        436       1258         80       1441
        501       1390        144       1049         48       1007        317        404        362        199
        196        622        100        134         69         55       4498        123         96         25
         24       1251         38         75         57          6         63       4313         57        381
        136       1490        205        403         57         71        197        131       3062         99
         35        898         25        113        161         11        224       1166         81       3235

              precision    recall  f1-score   support

           0       0.75      0.64      0.69      5923
           1       0.42      0.99      0.59      6742
           2       0.71      0.47      0.56      5958
           3       0.57      0.64      0.60      6131
           4       0.77      0.28      0.41      5842
           5       0.78      0.19      0.30      5421
           6       0.68      0.76      0.72      5918
           7       0.52      0.69      0.59      6265
           8       0.69      0.52      0.59      5851
           9       0.58      0.54      0.56      5949

    accuracy                           0.58     60000
   macro avg       0.65      0.57      0.56     60000
weighted avg       0.64      0.58      0.56     60000

