       5757          2         22         13         12         22         60         10         17          8
          0       6649         32         16          6          7          7         12          4          9
         56         68       5533         30         69          2         29         83         72         16
         18         49         75       5647         17         62         28         74         90         71
          4         50         10          0       5417          0         49         40         13        259
         39         30         10        177         53       4933         88         22         31         38
         53         23         19          4         13         38       5754          2         11          1
         10        116         33          2         47          2          0       5962         10         83
         47        108         41        162         45         69         34         34       5222         89
         40         40         18         75        190         16          6        186         29       5349

              precision    recall  f1-score   support

           0       0.96      0.97      0.96      5923
           1       0.93      0.99      0.96      6742
           2       0.96      0.93      0.94      5958
           3       0.92      0.92      0.92      6131
           4       0.92      0.93      0.93      5842
           5       0.96      0.91      0.93      5421
           6       0.95      0.97      0.96      5918
           7       0.93      0.95      0.94      6265
           8       0.95      0.89      0.92      5851
           9       0.90      0.90      0.90      5949

    accuracy                           0.94     60000
   macro avg       0.94      0.94      0.94     60000
weighted avg       0.94      0.94      0.94     60000

