       5520          6         39         40          9         68        196         17         25          3
          0       6631         24         21          0         20         13          8         25          0
        127        376       4728        202         90         19        104        114        171         27
         59        251        171       5029          5        191         88         62        214         61
         31        264         31         17       4823         23         89         98         50        416
        188        365         21        501         87       3826        242         49         76         66
        135        129         31         10         68         84       5387         22         43          9
         40        432         79         21         70         10          2       5404         45        162
        124        530        123        420         73        148         87         51       4193        102
         73        313         28        137        466         52         17        464         56       4343

              precision    recall  f1-score   support

           0       0.88      0.93      0.90      5923
           1       0.71      0.98      0.83      6742
           2       0.90      0.79      0.84      5958
           3       0.79      0.82      0.80      6131
           4       0.85      0.83      0.84      5842
           5       0.86      0.71      0.78      5421
           6       0.87      0.91      0.89      5918
           7       0.86      0.86      0.86      6265
           8       0.86      0.72      0.78      5851
           9       0.84      0.73      0.78      5949

    accuracy                           0.83     60000
   macro avg       0.84      0.83      0.83     60000
weighted avg       0.84      0.83      0.83     60000

