       5121         24         73        171         48         33        256         79         85         33
          0       6582         42          4         14          1         11         63         16          9
         58        244       4578        185        170          6        235        280        171         31
         84        361        151       4618         59         91         67        311        295         94
         11        150         79         12       4435         11        230        136         75        703
        439        320        105        870        468       2175        258        288        374        124
        112        139        298         57         20         59       5162          8         58          5
         41        250         65         19        162          3         37       5507         27        154
         91        414        153        491         96         74        108        259       4069         96
         58        274         72         68        759         11         80        759         73       3795

              precision    recall  f1-score   support

           0       0.85      0.86      0.86      5923
           1       0.75      0.98      0.85      6742
           2       0.82      0.77      0.79      5958
           3       0.71      0.75      0.73      6131
           4       0.71      0.76      0.73      5842
           5       0.88      0.40      0.55      5421
           6       0.80      0.87      0.84      5918
           7       0.72      0.88      0.79      6265
           8       0.78      0.70      0.73      5851
           9       0.75      0.64      0.69      5949

    accuracy                           0.77     60000
   macro avg       0.78      0.76      0.76     60000
weighted avg       0.78      0.77      0.76     60000

