       5654          0         20         32          4          7        156         19         23          8
          0       6665         24          8          3         11          8         11          8          4
         69        204       5180         63         86          3         83        137        117         16
         23        156        119       5353         13         62         50         95        174         86
         14        138         29          3       5126          1        118         38         31        344
        102        185         21        541         68       4146        179         68         54         57
         79         83         31         14         14         42       5637          5         13          0
         36        270         49          2         38          0          4       5754         14         98
         53        295         72        376         51         65         68         46       4709        116
         56        142         25         93        279         14         14        326         51       4949

              precision    recall  f1-score   support

           0       0.93      0.95      0.94      5923
           1       0.82      0.99      0.90      6742
           2       0.93      0.87      0.90      5958
           3       0.83      0.87      0.85      6131
           4       0.90      0.88      0.89      5842
           5       0.95      0.76      0.85      5421
           6       0.89      0.95      0.92      5918
           7       0.89      0.92      0.90      6265
           8       0.91      0.80      0.85      5851
           9       0.87      0.83      0.85      5949

    accuracy                           0.89     60000
   macro avg       0.89      0.88      0.88     60000
weighted avg       0.89      0.89      0.89     60000

