       5625          2         20         39          6         17        171         13         26          4
          0       6658         18         12          3         12         11         15         13          0
         91        253       5102        115         74          0         83        124        101         15
         28        203        118       5367          8         49         58         74        173         53
          9        198         39         14       5128          1        102         32         33        286
        112        217         28        543        102       4037        182         67         61         72
         79        101         30          5         22         47       5615          5         13          1
         29        321         64         15         70          1          4       5645         15        101
         60        398         77        443         44         58         86         35       4548        102
         52        163         42        129        344          8         13        276         47       4875

              precision    recall  f1-score   support

           0       0.92      0.95      0.94      5923
           1       0.78      0.99      0.87      6742
           2       0.92      0.86      0.89      5958
           3       0.80      0.88      0.84      6131
           4       0.88      0.88      0.88      5842
           5       0.95      0.74      0.84      5421
           6       0.89      0.95      0.92      5918
           7       0.90      0.90      0.90      6265
           8       0.90      0.78      0.84      5851
           9       0.88      0.82      0.85      5949

    accuracy                           0.88     60000
   macro avg       0.88      0.87      0.88     60000
weighted avg       0.88      0.88      0.88     60000

