       4951        323        329        239         68         10          3          0          0          0
        106       5906        345        266         80         28         11          0          0          0
         50        413       3792        937        519        196         45          6          0          0
          7         28        298       4183        925        500        150         36          4          0
          0          8         34        315       3812        855        531        232         49          6
          1          7         26        202        912       3027        993        221         32          0
          0          5         14         58        210        942       4363        323          3          0
          0          0          5         19         64        199        561       4886        474         57
          0          0          5         11         73        293        671       1567       2831        400
          0          0          1          4         26        109        247        582       1672       3308

              precision    recall  f1-score   support

           0       0.97      0.84      0.90      5923
           1       0.88      0.88      0.88      6742
           2       0.78      0.64      0.70      5958
           3       0.67      0.68      0.68      6131
           4       0.57      0.65      0.61      5842
           5       0.49      0.56      0.52      5421
           6       0.58      0.74      0.65      5918
           7       0.62      0.78      0.69      6265
           8       0.56      0.48      0.52      5851
           9       0.88      0.56      0.68      5949

    accuracy                           0.68     60000
   macro avg       0.70      0.68      0.68     60000
weighted avg       0.70      0.68      0.69     60000

