       4934        403        348        179         49          9          1          0          0          0
        139       5910        330        263         70         25          4          1          0          0
         33        432       3842        980        520        127         21          3          0          0
          5         23        330       4189        986        448        125         24          1          0
          0          4         31        332       3870        846        520        199         37          3
          0          5         16        172        931       3054       1006        211         26          0
          0          1         13         42        192        966       4382        319          3          0
          0          2          5         16         46        181        567       4894        498         56
          0          0          1          6         39        184        657       1756       2812        396
          0          0          1          2          9         76        202        561       1750       3348

              precision    recall  f1-score   support

           0       0.97      0.83      0.89      5923
           1       0.87      0.88      0.87      6742
           2       0.78      0.64      0.71      5958
           3       0.68      0.68      0.68      6131
           4       0.58      0.66      0.62      5842
           5       0.52      0.56      0.54      5421
           6       0.59      0.74      0.65      5918
           7       0.61      0.78      0.69      6265
           8       0.55      0.48      0.51      5851
           9       0.88      0.56      0.69      5949

    accuracy                           0.69     60000
   macro avg       0.70      0.68      0.69     60000
weighted avg       0.71      0.69      0.69     60000

