       5124        359        241        146         37         15          1          0          0          0
         27       6131        324        146         82         27          2          3          0          0
         19        226       4267        818        427        162         32          7          0          0
          5         20        207       4467        904        400        109         16          3          0
          0          5         21        128       4455        613        405        163         48          4
          0          5         23        218        753       3393        789        209         31          0
          0          3         10         39        164        822       4639        230         11          0
          0          3          3         14         59        177        421       5089        443         56
          0          0          0          5         44        175        728       1394       3349        156
          0          0          0          4          5         52        196        661       1099       3932

              precision    recall  f1-score   support

           0       0.99      0.87      0.92      5923
           1       0.91      0.91      0.91      6742
           2       0.84      0.72      0.77      5958
           3       0.75      0.73      0.74      6131
           4       0.64      0.76      0.70      5842
           5       0.58      0.63      0.60      5421
           6       0.63      0.78      0.70      5918
           7       0.65      0.81      0.73      6265
           8       0.67      0.57      0.62      5851
           9       0.95      0.66      0.78      5949

    accuracy                           0.75     60000
   macro avg       0.76      0.74      0.75     60000
weighted avg       0.76      0.75      0.75     60000

