       3163        489        489        788        358        396        108        132          0          0
          0       3583       1498       1011        390        155         88         17          0          0
         36          7        195       3230       1261        841        308         78          2          0
         26          4        271       2869       2355        144        240        220          2          0
          0          1         14         60        734       1992       1593       1409         39          0
         62         40        233       1516       1022        793        863        875         17          0
         23         11         70        418       1682       2287       1275        152          0          0
          0          9         42        105        154        377        737       4610        231          0
          5         10         33        245        947        736       1700       2161         14          0
          5          7          8         83        186        466        803       3455        931          5

              precision    recall  f1-score   support

           0       0.95      0.53      0.68      5923
           1       0.86      0.53      0.66      6742
           2       0.07      0.03      0.04      5958
           3       0.28      0.47      0.35      6131
           4       0.08      0.13      0.10      5842
           5       0.10      0.15      0.12      5421
           6       0.17      0.22      0.19      5918
           7       0.35      0.74      0.48      6265
           8       0.01      0.00      0.00      5851
           9       1.00      0.00      0.00      5949

    accuracy                           0.29     60000
   macro avg       0.39      0.28      0.26     60000
weighted avg       0.40      0.29      0.27     60000

