       3151        501        485        792        355        400        107        132          0          0
          0       3472       1615       1002        394        154         88         17          0          0
         36          6        197       3215       1273        843        309         77          2          0
         26          4        270       2864       2360        145        243        217          2          0
          0          1         17         58        733       1997       1595       1403         38          0
         62         40        235       1515       1022        797        860        873         17          0
         23         11         70        422       1677       2311       1253        151          0          0
          0          7         46        108        152        374        743       4601        228          6
          5         11         30        244        947        742       1698       2159         15          0
          5          7          4         88        189        460        808       3447        931         10

              precision    recall  f1-score   support

           0       0.95      0.53      0.68      5923
           1       0.86      0.51      0.64      6742
           2       0.07      0.03      0.04      5958
           3       0.28      0.47      0.35      6131
           4       0.08      0.13      0.10      5842
           5       0.10      0.15      0.12      5421
           6       0.16      0.21      0.18      5918
           7       0.35      0.73      0.48      6265
           8       0.01      0.00      0.00      5851
           9       0.62      0.00      0.00      5949

    accuracy                           0.28     60000
   macro avg       0.35      0.28      0.26     60000
weighted avg       0.36      0.28      0.27     60000

