       5293        453        149         24          4          0          0          0          0          0
         35       6305        288         96         16          2          0          0          0          0
          2        255       4603        856        212         27          3          0          0          0
          1          8        236       4749        920        200         17          0          0          0
          0          1         10        279       4446        840        245         21          0          0
          0          0          1         49        718       3966        626         58          3          0
          0          0          0          7         72        585       5021        231          2          0
          0          0          0          4         10         88        466       5195        496          6
          0          0          0          2          7         45        268       1343       3894        292
          0          0          0          0          0          4         39        261       1246       4399

              precision    recall  f1-score   support

           0       0.99      0.89      0.94      5923
           1       0.90      0.94      0.92      6742
           2       0.87      0.77      0.82      5958
           3       0.78      0.77      0.78      6131
           4       0.69      0.76      0.73      5842
           5       0.69      0.73      0.71      5421
           6       0.75      0.85      0.80      5918
           7       0.73      0.83      0.78      6265
           8       0.69      0.67      0.68      5851
           9       0.94      0.74      0.83      5949

    accuracy                           0.80     60000
   macro avg       0.80      0.80      0.80     60000
weighted avg       0.81      0.80      0.80     60000

