       4004        166        402        604        395        195         82         64         11          0
         58       4741        892        436        442        108         43         15          7          0
         41        647       1836       1315       1036        692        243        128         20          0
         16         26        123       2627       2220        743        111        204         61          0
          4         13         12         81       2542       1460        809        584        337          0
         32         17         23        300       1971       1778        385        806        109          0
         29          3         29        118       1068       2435       1697        522         17          0
          0         51         67         42        129        306        814       3687       1169          0
          3          9         82        137        349       1211       1134       1918       1003          5
          4         13         19         39        213        407        653        929       3582         90

              precision    recall  f1-score   support

           0       0.96      0.68      0.79      5923
           1       0.83      0.70      0.76      6742
           2       0.53      0.31      0.39      5958
           3       0.46      0.43      0.44      6131
           4       0.25      0.44      0.31      5842
           5       0.19      0.33      0.24      5421
           6       0.28      0.29      0.29      5918
           7       0.42      0.59      0.49      6265
           8       0.16      0.17      0.16      5851
           9       0.95      0.02      0.03      5949

    accuracy                           0.40     60000
   macro avg       0.50      0.39      0.39     60000
weighted avg       0.51      0.40      0.40     60000

