       5141        361        213        139         54         14          1          0          0          0
         27       6161        294        152         79         24          4          1          0          0
         19        236       4248        805        430        174         37          8          1          0
          3         22        221       4489        850        401        122         22          1          0
          0          7         19        137       4408        650        397        173         43          8
          1          6         17        196        738       3490        727        207         36          3
          0          4         11         31        168        830       4630        234         10          0
          0          1          0          7         60        169        401       5139        440         48
          0          0          2         16         68        189        716       1237       3418        205
          0          1          1          1          9         86        186        661       1065       3939

              precision    recall  f1-score   support

           0       0.99      0.87      0.93      5923
           1       0.91      0.91      0.91      6742
           2       0.85      0.71      0.77      5958
           3       0.75      0.73      0.74      6131
           4       0.64      0.75      0.69      5842
           5       0.58      0.64      0.61      5421
           6       0.64      0.78      0.70      5918
           7       0.67      0.82      0.74      6265
           8       0.68      0.58      0.63      5851
           9       0.94      0.66      0.78      5949

    accuracy                           0.75     60000
   macro avg       0.76      0.75      0.75     60000
weighted avg       0.77      0.75      0.75     60000

