       4661        631        304        235         74         14          4          0          0          0
        187       5647        529        243        101         30          5          0          0          0
         41        662       3282       1256        506        159         45          7          0          0
          6         40        502       3480       1481        425        158         31          8          0
          0          3         20        552       3128       1262        623        189         58          7
          0         12         31        145       1096       2811       1126        178         22          0
          0          4         11         64        341       1181       3461        847          9          0
          0          2          4         23         75        198        697       4671        535         60
          0          2          7         17        101        318        715       1679       2438        574
          0          0          2          6         23        113        273        752       1570       3210

              precision    recall  f1-score   support

           0       0.95      0.79      0.86      5923
           1       0.81      0.84      0.82      6742
           2       0.70      0.55      0.62      5958
           3       0.58      0.57      0.57      6131
           4       0.45      0.54      0.49      5842
           5       0.43      0.52      0.47      5421
           6       0.49      0.58      0.53      5918
           7       0.56      0.75      0.64      6265
           8       0.53      0.42      0.46      5851
           9       0.83      0.54      0.66      5949

    accuracy                           0.61     60000
   macro avg       0.63      0.61      0.61     60000
weighted avg       0.64      0.61      0.62     60000

