       4446        576        299        275        230         68         26          3          0          0
         78       5728        336        287        220         64         19          9          1          0
         36        611       2791       1329        680        365        111         28          7          0
          8        115        322       3162       1658        510        267         68         19          2
          2          9         13        403       3062       1115        761        297        161         19
          4         30         55        172       1340       2187       1355        184         94          0
          2         12         44        141        477       1095       3601        473         73          0
          0          8         32         55         96        264        656       4597        449        108
          0          2         27         46        233        417       1220       1558       1966        382
          2          3          6         18         70        207        444       1021       1218       2960

              precision    recall  f1-score   support

           0       0.97      0.75      0.85      5923
           1       0.81      0.85      0.83      6742
           2       0.71      0.47      0.56      5958
           3       0.54      0.52      0.53      6131
           4       0.38      0.52      0.44      5842
           5       0.35      0.40      0.37      5421
           6       0.43      0.61      0.50      5918
           7       0.56      0.73      0.63      6265
           8       0.49      0.34      0.40      5851
           9       0.85      0.50      0.63      5949

    accuracy                           0.57     60000
   macro avg       0.61      0.57      0.57     60000
weighted avg       0.61      0.57      0.58     60000

