       4484        604        310        265        182         59         17          2          0          0
        147       5693        348        286        192         37         27         11          1          0
         38        726       2835       1295        619        324         96         24          1          0
          5        102        364       3299       1570        485        223         64         18          1
          1          7         16        454       3098       1104        726        285        134         17
          4         26         51        191       1252       2305       1308        201         81          2
          3          8         45        110        449       1104       3397        755         46          1
          0          3         21         38         97        253        673       4615        464        101
          0          4         16         44        191        383        939       1753       2039        482
          2          2          4         17         61        194        393        990       1260       3026

              precision    recall  f1-score   support

           0       0.96      0.76      0.85      5923
           1       0.79      0.84      0.82      6742
           2       0.71      0.48      0.57      5958
           3       0.55      0.54      0.54      6131
           4       0.40      0.53      0.46      5842
           5       0.37      0.43      0.40      5421
           6       0.44      0.57      0.50      5918
           7       0.53      0.74      0.62      6265
           8       0.50      0.35      0.41      5851
           9       0.83      0.51      0.63      5949

    accuracy                           0.58     60000
   macro avg       0.61      0.57      0.58     60000
weighted avg       0.61      0.58      0.58     60000

