       5502        257        127         24         10          2          0          1          0          0
          8       6433        200         77         19          4          0          1          0          0
          5        130       4885        698        196         39          4          1          0          0
          0          9        146       5050        695        210         21          0          0          0
          0          0         17        118       4877        496        267         59          8          0
          0          3          5         86        544       3967        731         78          7          0
          0          0          2          9         48        543       5210         98          8          0
          0          0          2          3          9         76        368       5490        289         28
          0          0          3          1         13         83        339       1029       4309         74
          0          0          2          0          0         12         58        322        975       4580

              precision    recall  f1-score   support

           0       1.00      0.93      0.96      5923
           1       0.94      0.95      0.95      6742
           2       0.91      0.82      0.86      5958
           3       0.83      0.82      0.83      6131
           4       0.76      0.83      0.80      5842
           5       0.73      0.73      0.73      5421
           6       0.74      0.88      0.81      5918
           7       0.78      0.88      0.82      6265
           8       0.77      0.74      0.75      5851
           9       0.98      0.77      0.86      5949

    accuracy                           0.84     60000
   macro avg       0.84      0.84      0.84     60000
weighted avg       0.85      0.84      0.84     60000

