       3083        673        530        748        404        273        145         66          1          0
          0       3868       1502        846        273        171         62         20          0          0
         35         11        640       3139       1151        648        258         76          0          0
         18         13        172       2947       2261        254        231        213         22          0
          0          1          9         92       1068       2274       1059       1209        130          0
         24         67        102       1319       1141        718       1140        866         44          0
         18         20         44        264       1582       2410       1326        254          0          0
          1          8         44        104        184        359        794       4218        551          2
          6          9         21        163        686       1018       1351       2488        109          0
          4          8         10         74        182        446        594       2640       1970         21

              precision    recall  f1-score   support

           0       0.97      0.52      0.68      5923
           1       0.83      0.57      0.68      6742
           2       0.21      0.11      0.14      5958
           3       0.30      0.48      0.37      6131
           4       0.12      0.18      0.14      5842
           5       0.08      0.13      0.10      5421
           6       0.19      0.22      0.21      5918
           7       0.35      0.67      0.46      6265
           8       0.04      0.02      0.03      5851
           9       0.91      0.00      0.01      5949

    accuracy                           0.30     60000
   macro avg       0.40      0.29      0.28     60000
weighted avg       0.41      0.30      0.29     60000

