       5066        608        222         27          0          0          0          0          0          0
        138       6026        382        164         22          7          3          0          0          0
          5        356       4229       1171        183         13          1          0          0          0
          0         11        315       4462       1103        221         17          2          0          0
          0          0         15        361       4104       1034        284         42          2          0
          0          0          2         49        863       3621        818         65          3          0
          0          0          0         10         79        774       4774        281          0          0
          0          0          2          2         16         95        583       5112        432         23
          0          0          0          0          2         15        235       1644       3642        313
          0          0          0          0          0          2         51        313       1739       3844

              precision    recall  f1-score   support

           0       0.97      0.86      0.91      5923
           1       0.86      0.89      0.88      6742
           2       0.82      0.71      0.76      5958
           3       0.71      0.73      0.72      6131
           4       0.64      0.70      0.67      5842
           5       0.63      0.67      0.65      5421
           6       0.71      0.81      0.75      5918
           7       0.69      0.82      0.74      6265
           8       0.63      0.62      0.62      5851
           9       0.92      0.65      0.76      5949

    accuracy                           0.75     60000
   macro avg       0.76      0.74      0.75     60000
weighted avg       0.76      0.75      0.75     60000

