       4927        354        315        232         77         15          3          0          0          0
        131       5918        323        253         83         28          5          1          0          0
         56        424       3745        967        513        188         57          8          0          0
          7         33        283       4178        951        478        150         48          1          2
          0          5         24        331       3883        778        560        209         44          8
          0         11         15        205        931       3017        976        231         35          0
          0          4         19         54        204        915       4418        301          3          0
          0          0          9         23         64        187        555       4869        523         35
          0          1          8         18         90        314        649       1547       2747        477
          0          3          2          4         32        112        243        577       1670       3306

              precision    recall  f1-score   support

           0       0.96      0.83      0.89      5923
           1       0.88      0.88      0.88      6742
           2       0.79      0.63      0.70      5958
           3       0.67      0.68      0.67      6131
           4       0.57      0.66      0.61      5842
           5       0.50      0.56      0.53      5421
           6       0.58      0.75      0.65      5918
           7       0.62      0.78      0.69      6265
           8       0.55      0.47      0.51      5851
           9       0.86      0.56      0.68      5949

    accuracy                           0.68     60000
   macro avg       0.70      0.68      0.68     60000
weighted avg       0.70      0.68      0.69     60000

