       4419        576        271        246        264        100         33         13          1          0
         72       5668        413        252        247         58         14         13          5          0
         39        556       2801       1279        663        424        140         47          9          0
         12         94        318       3077       1748        454        303         92         29          4
          2          5         19        237       3167       1051        788        338        210         25
         13         28         67        197       1351       2019       1460        193         89          4
          9          8         57        133        516       1049       3754        309         83          0
          0          9         31         59        105        262        643       4652        402        102
          0         11         29         80        308        375       1240       1480       1908        420
          2          9         14         18        101        257        463       1195       1049       2841

              precision    recall  f1-score   support

           0       0.97      0.75      0.84      5923
           1       0.81      0.84      0.83      6742
           2       0.70      0.47      0.56      5958
           3       0.55      0.50      0.53      6131
           4       0.37      0.54      0.44      5842
           5       0.33      0.37      0.35      5421
           6       0.42      0.63      0.51      5918
           7       0.56      0.74      0.64      6265
           8       0.50      0.33      0.40      5851
           9       0.84      0.48      0.61      5949

    accuracy                           0.57     60000
   macro avg       0.61      0.57      0.57     60000
weighted avg       0.61      0.57      0.58     60000

