       4632        129        134        432         16         44        264        149        100         23
          2       6392         62         60          1          3         81          6        134          1
         37        227       4214        631        107          5        160         88        474         15
         37        118        132       5240         12         15        178        106        231         62
         15        179         90         98       4342          5        157        203        128        625
        248        126        234       1486        161       1580        610        259        422        295
         52         79        257        173         48         73       5180          6         46          4
         43        430         39        109        101          4         20       5322        132         65
         31        182        141        711         50         33        119        234       4166        184
         27        315         47        184        908         11         39        677        168       3573

              precision    recall  f1-score   support

           0       0.90      0.78      0.84      5923
           1       0.78      0.95      0.86      6742
           2       0.79      0.71      0.75      5958
           3       0.57      0.85      0.69      6131
           4       0.76      0.74      0.75      5842
           5       0.89      0.29      0.44      5421
           6       0.76      0.88      0.81      5918
           7       0.75      0.85      0.80      6265
           8       0.69      0.71      0.70      5851
           9       0.74      0.60      0.66      5949

    accuracy                           0.74     60000
   macro avg       0.76      0.74      0.73     60000
weighted avg       0.76      0.74      0.73     60000

