       5297          1         41        198         13         45        148        106         61         13
          3       6467         98         59          1         14         24          7         67          2
         62         81       4837        318         89          5        101         84        363         18
         29         73        131       5372         12         66         70         81        224         73
         15        133         78         77       4837          8        101         80        102        411
        170         62        169        824        131       3373        204        107        211        170
         55         57        131         56         30         85       5473          5         21          5
         35        248         75         57         74          8          7       5555        122         84
         50        119        116        533         50         90         91         95       4513        194
         33        183         38        153        522         33          9        453        119       4406

              precision    recall  f1-score   support

           0       0.92      0.89      0.91      5923
           1       0.87      0.96      0.91      6742
           2       0.85      0.81      0.83      5958
           3       0.70      0.88      0.78      6131
           4       0.84      0.83      0.83      5842
           5       0.91      0.62      0.74      5421
           6       0.88      0.92      0.90      5918
           7       0.85      0.89      0.87      6265
           8       0.78      0.77      0.77      5851
           9       0.82      0.74      0.78      5949

    accuracy                           0.84     60000
   macro avg       0.84      0.83      0.83     60000
weighted avg       0.84      0.84      0.83     60000

