       5400          0         37        184         15         65        109         35         52         26
          5       6441         96         52          2         38         24          4         78          2
         56         35       4896        253        103         12         71         73        418         41
         19         40        135       5234         11        164         47         69        324         88
         11         52        118         59       4935         24         81         37        134        391
         65         19        111        474        144       4187         93         63        131        134
         58         30        135         43         28         94       5506          0         20          4
         15        106         91         43         65         31          6       5592        208        108
         30         72        157        458         62        173         50         56       4606        187
         28         44         41        122        331         75          9        246        181       4872

              precision    recall  f1-score   support

           0       0.95      0.91      0.93      5923
           1       0.94      0.96      0.95      6742
           2       0.84      0.82      0.83      5958
           3       0.76      0.85      0.80      6131
           4       0.87      0.84      0.86      5842
           5       0.86      0.77      0.81      5421
           6       0.92      0.93      0.92      5918
           7       0.91      0.89      0.90      6265
           8       0.75      0.79      0.77      5851
           9       0.83      0.82      0.83      5949

    accuracy                           0.86     60000
   macro avg       0.86      0.86      0.86     60000
weighted avg       0.86      0.86      0.86     60000

