       4601        143         99        505         10         47        263        151         87         17
          2       6342         99         95          1          1         68          5        128          1
         40        225       4448        479        111          4        155         93        390         13
         29        124        138       5270         10         27        133         98        240         62
         17        182         92        104       4482          9        138        233        111        474
        208        123        220       1470        225       1909        429        203        391        243
         49         83        206        124         55         83       5252         30         33          3
         44        457         49        110         76          2         17       5339        116         55
         25        198        138        700         78         33        110        238       4185        146
         29        320         54        193        913         19         21        872        137       3391

              precision    recall  f1-score   support

           0       0.91      0.78      0.84      5923
           1       0.77      0.94      0.85      6742
           2       0.80      0.75      0.77      5958
           3       0.58      0.86      0.69      6131
           4       0.75      0.77      0.76      5842
           5       0.89      0.35      0.51      5421
           6       0.80      0.89      0.84      5918
           7       0.74      0.85      0.79      6265
           8       0.72      0.72      0.72      5851
           9       0.77      0.57      0.66      5949

    accuracy                           0.75     60000
   macro avg       0.77      0.75      0.74     60000
weighted avg       0.77      0.75      0.75     60000

