       5807          0         14         18          7         13         32          2         24          6
          0       6615         40         24          2         20         10          5         24          2
         26          5       5588         73         32          8          9         39        166         12
          4          6         73       5685          5         71         14         41        163         69
          5         11         45          8       5556         13         35          9         51        109
          9          2         18         80         23       5199         34          4         35         17
         15          5         26          4          6         53       5799          0         10          0
          0         37         79         11         29          7          1       5972         69         60
          5         40         50        170         31        114         15         10       5351         65
         10          9         19        106         67         34          5         73         77       5549

              precision    recall  f1-score   support

           0       0.99      0.98      0.98      5923
           1       0.98      0.98      0.98      6742
           2       0.94      0.94      0.94      5958
           3       0.92      0.93      0.92      6131
           4       0.96      0.95      0.96      5842
           5       0.94      0.96      0.95      5421
           6       0.97      0.98      0.98      5918
           7       0.97      0.95      0.96      6265
           8       0.90      0.91      0.91      5851
           9       0.94      0.93      0.94      5949

    accuracy                           0.95     60000
   macro avg       0.95      0.95      0.95     60000
weighted avg       0.95      0.95      0.95     60000

