       5782          0         28         22         10         15         28          5         24          9
          9       6584         43         24          2         28          8          4         35          5
         24         11       5567         68         43          9         13         34        179         10
         10          9         91       5684          9         76         21         47        129         55
          6         23         51         16       5497          7         41         16         49        136
         25          2         28        126         35       5046         50         12         58         39
         18         11         11          7          9         42       5802          0         16          2
          5         51         60         23         42          8          5       5943         57         71
         12         54         75        172         40         98         36         17       5290         57
         16         12         20        101        114         30          7         88         64       5497

              precision    recall  f1-score   support

           0       0.98      0.98      0.98      5923
           1       0.97      0.98      0.98      6742
           2       0.93      0.93      0.93      5958
           3       0.91      0.93      0.92      6131
           4       0.95      0.94      0.94      5842
           5       0.94      0.93      0.94      5421
           6       0.97      0.98      0.97      5918
           7       0.96      0.95      0.96      6265
           8       0.90      0.90      0.90      5851
           9       0.93      0.92      0.93      5949

    accuracy                           0.94     60000
   macro avg       0.94      0.94      0.94     60000
weighted avg       0.94      0.94      0.94     60000

