       5131          0         59        316         18         50        151         96         72         30
         10       6287        144        115          1         34         34          6        110          1
         95         64       4545        329        132         13        116         84        543         37
         44         57        132       5163         14        119         69         77        371         85
         14         97        138         60       4639         15         92         65        162        560
        227         43        249        756        196       3010        153        184        338        265
         61         63        262         94         53         70       5267         12         31          5
         29        192         70         61         91         20         10       5416        268        108
         64         72        199        552         75         84         63         89       4370        283
         29        131         45        133        672         50         12        426        209       4242

              precision    recall  f1-score   support

           0       0.90      0.87      0.88      5923
           1       0.90      0.93      0.91      6742
           2       0.78      0.76      0.77      5958
           3       0.68      0.84      0.75      6131
           4       0.79      0.79      0.79      5842
           5       0.87      0.56      0.68      5421
           6       0.88      0.89      0.89      5918
           7       0.84      0.86      0.85      6265
           8       0.68      0.75      0.71      5851
           9       0.76      0.71      0.73      5949

    accuracy                           0.80     60000
   macro avg       0.81      0.80      0.80     60000
weighted avg       0.81      0.80      0.80     60000

