       4647          0        253        533         20         23        155        134        144         14
          3       6057        121        199          2          1        123          3        232          1
         63         65       4140        625        129          9        180         84        659          4
         42         66        139       5186         18         64        103         89        364         60
         16        157        130         70       4518          5        129        186        191        440
        227         44        357       1484        250       1442        338        122        823        334
         41         70        473        161        110         27       4925         34         74          3
         44        363         49         87        207          3         15       5138        294         65
         24         69        215        853         82         74         51        250       4050        183
         24        304         55        156       1174         13         38        958        225       3002

              precision    recall  f1-score   support

           0       0.91      0.78      0.84      5923
           1       0.84      0.90      0.87      6742
           2       0.70      0.69      0.70      5958
           3       0.55      0.85      0.67      6131
           4       0.69      0.77      0.73      5842
           5       0.87      0.27      0.41      5421
           6       0.81      0.83      0.82      5918
           7       0.73      0.82      0.77      6265
           8       0.57      0.69      0.63      5851
           9       0.73      0.50      0.60      5949

    accuracy                           0.72     60000
   macro avg       0.74      0.71      0.70     60000
weighted avg       0.74      0.72      0.71     60000

