       4946        117         64        217         30         50        190        149        151          9
          4       6341         70         53          1         16         12         16        229          0
        142        173       4165        599        201         17        231         61        356         13
        140        156        175       4928         39         65        108         97        383         40
          6        174         64        168       4149          6        123        189         96        867
        344        115        134       1542        141       1390        426        401        686        242
        100        130        396         81        168         34       4916          7         85          1
         41        446         38        174        270         16         53       5065         88         74
        159        240         88        830         96         51         91        181       3917        198
         19        316         52        273       1732         26         53        712         70       2696

              precision    recall  f1-score   support

           0       0.84      0.84      0.84      5923
           1       0.77      0.94      0.85      6742
           2       0.79      0.70      0.74      5958
           3       0.56      0.80      0.66      6131
           4       0.61      0.71      0.65      5842
           5       0.83      0.26      0.39      5421
           6       0.79      0.83      0.81      5918
           7       0.74      0.81      0.77      6265
           8       0.65      0.67      0.66      5851
           9       0.65      0.45      0.53      5949

    accuracy                           0.71     60000
   macro avg       0.72      0.70      0.69     60000
weighted avg       0.72      0.71      0.70     60000

