       5796          0         14         21          7         16         36          3         24          6
          0       6615         41         23          1         21         10          4         25          2
         28          6       5587         72         32          9          9         38        167         10
          3          6         77       5659          5         80         16         45        173         67
          8         11         51         15       5526         13         37          9         60        112
          9          1         21         89         28       5180         33          3         38         19
         15          4         29          3          5         60       5792          0         10          0
          0         37         79         14         29          8          1       5956         78         63
          7         42         55        171         29        121         16         11       5335         64
         10         10         22        109         64         41          5         72         81       5535

              precision    recall  f1-score   support

           0       0.99      0.98      0.98      5923
           1       0.98      0.98      0.98      6742
           2       0.93      0.94      0.94      5958
           3       0.92      0.92      0.92      6131
           4       0.97      0.95      0.96      5842
           5       0.93      0.96      0.94      5421
           6       0.97      0.98      0.98      5918
           7       0.97      0.95      0.96      6265
           8       0.89      0.91      0.90      5851
           9       0.94      0.93      0.94      5949

    accuracy                           0.95     60000
   macro avg       0.95      0.95      0.95     60000
weighted avg       0.95      0.95      0.95     60000

