       5280          0         76        179         18         94        104         52         81         39
         16       6403         87         54          2         32         39          9         97          3
         62         35       4844        266         83         26        138         57        427         20
         30         35        128       5142         20        215         59         64        355         83
         11         44        120         39       4832         30         99         60        131        476
        109         11        142        504        130       4072        116         52        141        144
         49         30        181         63         30        136       5386          0         40          3
         29        115         91         40         73         29         13       5504        207        164
         38         81        196        472         79        207         61         35       4479        203
         24         34         62        120        471         65         17        346        165       4645

              precision    recall  f1-score   support

           0       0.93      0.89      0.91      5923
           1       0.94      0.95      0.95      6742
           2       0.82      0.81      0.82      5958
           3       0.75      0.84      0.79      6131
           4       0.84      0.83      0.83      5842
           5       0.83      0.75      0.79      5421
           6       0.89      0.91      0.90      5918
           7       0.89      0.88      0.88      6265
           8       0.73      0.77      0.75      5851
           9       0.80      0.78      0.79      5949

    accuracy                           0.84     60000
   macro avg       0.84      0.84      0.84     60000
weighted avg       0.84      0.84      0.84     60000

