       5461          0         36        137         16         63        105         30         51         24
          2       6472         81         45          2         44         21          4         69          2
         57         37       4943        202        103         14         69         71        424         38
         21         42        123       5282          9        142         46         76        300         90
         11         54        108         53       4949         20         84         36        132        395
         74         21         99        454        134       4239        101         55        121        123
         56         30        128         36         28         94       5523          2         17          4
         15        106         87         32         59         28          5       5634        201         98
         30         75        145        436         61        145         58         54       4656        191
         22         47         39        128        310         67          8        263        166       4899

              precision    recall  f1-score   support

           0       0.95      0.92      0.94      5923
           1       0.94      0.96      0.95      6742
           2       0.85      0.83      0.84      5958
           3       0.78      0.86      0.82      6131
           4       0.87      0.85      0.86      5842
           5       0.87      0.78      0.82      5421
           6       0.92      0.93      0.93      5918
           7       0.91      0.90      0.90      6265
           8       0.76      0.80      0.78      5851
           9       0.84      0.82      0.83      5949

    accuracy                           0.87     60000
   macro avg       0.87      0.87      0.87     60000
weighted avg       0.87      0.87      0.87     60000

