       5799          0         15         24          6         16         35          3         20          5
          0       6607         35         30          2         18         13          5         30          2
         20          5       5581         61         25          7         11         40        194         14
          2          9         73       5643          6         84         19         40        193         62
          6         14         38         12       5517         13         44         10         48        140
          8          2         19        119         24       5148         33         10         41         17
         18          5         25          5          5         59       5792          0          8          1
          0         40         74         11         22          9          2       5976         72         59
          5         52         61        187         25        111         19         12       5319         60
         14         11         19        102         87         38          5         72         79       5522

              precision    recall  f1-score   support

           0       0.99      0.98      0.98      5923
           1       0.98      0.98      0.98      6742
           2       0.94      0.94      0.94      5958
           3       0.91      0.92      0.92      6131
           4       0.96      0.94      0.95      5842
           5       0.94      0.95      0.94      5421
           6       0.97      0.98      0.97      5918
           7       0.97      0.95      0.96      6265
           8       0.89      0.91      0.90      5851
           9       0.94      0.93      0.93      5949

    accuracy                           0.95     60000
   macro avg       0.95      0.95      0.95     60000
weighted avg       0.95      0.95      0.95     60000

