       5543          0         31        121         14         39         93         27         43         12
          4       6537         62         40          2         20         16         10         49          2
         50         45       5096        176         95         10         58         74        333         21
         21         47        121       5438          9         93         48         77        199         78
          9         70         71         43       5113         11         72         40         87        326
         65         22         91        418         99       4319        126         56        114        111
         52         30         79         21         24         90       5599          0         20          3
         22        132         73         25         56          8          6       5734        116         93
         38         86        107        416         47        110         71         52       4765        159
         28         63         37        134        283         30          7        281        106       4980

              precision    recall  f1-score   support

           0       0.95      0.94      0.94      5923
           1       0.93      0.97      0.95      6742
           2       0.88      0.86      0.87      5958
           3       0.80      0.89      0.84      6131
           4       0.89      0.88      0.88      5842
           5       0.91      0.80      0.85      5421
           6       0.92      0.95      0.93      5918
           7       0.90      0.92      0.91      6265
           8       0.82      0.81      0.82      5851
           9       0.86      0.84      0.85      5949

    accuracy                           0.89     60000
   macro avg       0.89      0.88      0.88     60000
weighted avg       0.89      0.89      0.89     60000

