       4974         24         95        354         16        128        126         77         94         35
          3       6312        139        100          1         41         23         11        111          1
         92         84       4441        407         93         14        189         60        551         27
         79         58        145       4970         17        192         71         72        450         77
         19         93        127         58       4454         17        136        135        150        653
        223         53        285        757        183       2848        221        242        381        228
         50         67        271        139         48         74       5185          6         70          8
         33        200         82         78         87         38         10       5374        218        145
         32        115        161        557         94        141         98         62       4310        281
         33        114         82        137        824         60         16        506        195       3982

              precision    recall  f1-score   support

           0       0.90      0.84      0.87      5923
           1       0.89      0.94      0.91      6742
           2       0.76      0.75      0.75      5958
           3       0.66      0.81      0.73      6131
           4       0.77      0.76      0.76      5842
           5       0.80      0.53      0.63      5421
           6       0.85      0.88      0.86      5918
           7       0.82      0.86      0.84      6265
           8       0.66      0.74      0.70      5851
           9       0.73      0.67      0.70      5949

    accuracy                           0.78     60000
   macro avg       0.78      0.78      0.78     60000
weighted avg       0.79      0.78      0.78     60000

