       4904          6         77        416         18         15        241        146         80         20
         15       6154        143        134          1          2         88          5        200          0
        102         88       4213        451        126          7        328         85        555          3
        104         68        140       5156         19         25        120         90        349         60
         13        155        108         80       3899          9        164        165        160       1089
        518         72        268       1764        126       1185        310        321        574        283
         77         77        348        211         77         41       4999         39         47          2
         48        358         53        120        145          8         25       5229        217         62
        108         97        133        754         44         24        145        275       4111        160
         28        286         66        179       1305         22         75       1259        186       2543

              precision    recall  f1-score   support

           0       0.83      0.83      0.83      5923
           1       0.84      0.91      0.87      6742
           2       0.76      0.71      0.73      5958
           3       0.56      0.84      0.67      6131
           4       0.68      0.67      0.67      5842
           5       0.89      0.22      0.35      5421
           6       0.77      0.84      0.81      5918
           7       0.69      0.83      0.75      6265
           8       0.63      0.70      0.67      5851
           9       0.60      0.43      0.50      5949

    accuracy                           0.71     60000
   macro avg       0.72      0.70      0.69     60000
weighted avg       0.72      0.71      0.69     60000

