       5524          0         35        111         16         30        115         32         48         12
          4       6540         53         46          1         13         15         14         54          2
         45         63       5122        193         85          7         72         84        268         19
         21         62        118       5401         12        116         58         89        188         66
          5         85         60         53       5088         12         95         61         76        307
         89         28        124        481        128       4044        144         70        165        148
         51         33         87         24         20         96       5577          1         26          3
         19        168         76         24         64          5          9       5705         79        116
         44         95        149        440         54        135         64         66       4681        123
         23        116         45        134        375         33         12        336         98       4777

              precision    recall  f1-score   support

           0       0.95      0.93      0.94      5923
           1       0.91      0.97      0.94      6742
           2       0.87      0.86      0.87      5958
           3       0.78      0.88      0.83      6131
           4       0.87      0.87      0.87      5842
           5       0.90      0.75      0.82      5421
           6       0.91      0.94      0.92      5918
           7       0.88      0.91      0.90      6265
           8       0.82      0.80      0.81      5851
           9       0.86      0.80      0.83      5949

    accuracy                           0.87     60000
   macro avg       0.88      0.87      0.87     60000
weighted avg       0.88      0.87      0.87     60000

