       5810          0         12         21          6         11         33          3         21          6
          0       6610         42         26          2         17          9          5         29          2
         22          7       5607         65         32          6          8         36        162         13
          3          8         74       5706          5         65         13         46        147         64
          5         12         39         10       5579         13         33          9         48         94
          8          2         21         87         24       5204         26          5         32         12
         15          5         23          3          5         50       5806          0         11          0
          1         33         75         11         23          7          0       5991         69         55
          5         41         55        169         24         97         15          8       5377         60
         11          7         20        107         60         31          5         68         70       5570

              precision    recall  f1-score   support

           0       0.99      0.98      0.98      5923
           1       0.98      0.98      0.98      6742
           2       0.94      0.94      0.94      5958
           3       0.92      0.93      0.93      6131
           4       0.97      0.95      0.96      5842
           5       0.95      0.96      0.95      5421
           6       0.98      0.98      0.98      5918
           7       0.97      0.96      0.96      6265
           8       0.90      0.92      0.91      5851
           9       0.95      0.94      0.94      5949

    accuracy                           0.95     60000
   macro avg       0.95      0.95      0.95     60000
weighted avg       0.95      0.95      0.95     60000

