       5825          0          8         15          6         10         30          4         21          4
          0       6625         40         23          3         15         10          6         18          2
         18          8       5685         53         23          3          4         33        123          8
          3          8         56       5829          4         32         12         40         93         54
          3         16         19          8       5658          1         27          9         33         68
          7          1         12         76         20       5241         25          5         19         15
          8          7          9          3          4         49       5828          0         10          0
          1         38         56          8         24          1          2       6038         33         64
          5         44         41        140         19         61         10          7       5480         44
         10          8         11         98         54         20          6         55         51       5636

              precision    recall  f1-score   support

           0       0.99      0.98      0.99      5923
           1       0.98      0.98      0.98      6742
           2       0.96      0.95      0.96      5958
           3       0.93      0.95      0.94      6131
           4       0.97      0.97      0.97      5842
           5       0.96      0.97      0.97      5421
           6       0.98      0.98      0.98      5918
           7       0.97      0.96      0.97      6265
           8       0.93      0.94      0.93      5851
           9       0.96      0.95      0.95      5949

    accuracy                           0.96     60000
   macro avg       0.96      0.96      0.96     60000
weighted avg       0.96      0.96      0.96     60000

