       2095         17        984       1010       3899       5126        818        182       1517       7643
          0         29          0          0          0          0          0          0          0          0
          7          4        432        330       1134        955         95         55        213         52
         16          5        168       1066       1425        571        209         52         75          5
          2          0         59        299       2166        714         77         26        244          4
          5          6         77         86        188       1388         50         24         52       1590
          0          0          7         12         24         32        208          0         12          0
          0          0         26          9         23         16         51        173          2          0
          0          0         19          3          8         10         15         17        228          0
          0          1         28          9         35         13         44        103        387        280

              precision    recall  f1-score   support

           0       0.99      0.09      0.16     23291
           1       0.47      1.00      0.64        29
           2       0.24      0.13      0.17      3277
           3       0.38      0.30      0.33      3592
           4       0.24      0.60      0.35      3591
           5       0.16      0.40      0.23      3466
           6       0.13      0.71      0.22       295
           7       0.27      0.58      0.37       300
           8       0.08      0.76      0.15       300
           9       0.03      0.31      0.05       900

    accuracy                           0.21     39041
   macro avg       0.30      0.49      0.27     39041
weighted avg       0.68      0.21      0.20     39041



running time in seconds: 37.877

