      19157          0       1004        962        592       1325         14          1          6        230
          0         29          0          0          0          0          0          0          0          0
        172          0       2568        247        144        138          1          0          0          7
        183          0        262       2831        234         78          0          0          0          4
         77          0        108        158       3186         60          0          0          0          2
         59          0         44         35         26       3251          0          1          0         50
          0          0          0          0          0          0        295          0          0          0
          0          0          0          0          0          0          0        300          0          0
          0          0          0          0          0          0          0          0        300          0
          0          0          0          0          0          2          0          0          0        898

              precision    recall  f1-score   support

           0       0.98      0.82      0.89     23291
           1       1.00      1.00      1.00        29
           2       0.64      0.78      0.71      3277
           3       0.67      0.79      0.72      3592
           4       0.76      0.89      0.82      3591
           5       0.67      0.94      0.78      3466
           6       0.95      1.00      0.98       295
           7       0.99      1.00      1.00       300
           8       0.98      1.00      0.99       300
           9       0.75      1.00      0.86       900

    accuracy                           0.84     39041
   macro avg       0.84      0.92      0.87     39041
weighted avg       0.87      0.84      0.85     39041



running time in seconds: 35.036

