      18334          0       1259       1191        707       1493         72         11         10        214
          0         29          0          0          0          0          0          0          0          0
        232          0       2316        326        206        182          2          1          0         12
        214          0        318       2605        322        116          8          2          1          6
         89          0        158        202       3052         82          1          0          1          6
         99          0         98         59         50       3098          1          0          0         61
          0          0          0          0          0          0        295          0          0          0
          0          0          0          0          0          0          0        300          0          0
          0          0          0          0          0          0          0          0        300          0
          0          0          0          0          0          6          0          0          0        894

              precision    recall  f1-score   support

           0       0.97      0.79      0.87     23291
           1       1.00      1.00      1.00        29
           2       0.56      0.71      0.62      3277
           3       0.59      0.73      0.65      3592
           4       0.70      0.85      0.77      3591
           5       0.62      0.89      0.73      3466
           6       0.78      1.00      0.88       295
           7       0.96      1.00      0.98       300
           8       0.96      1.00      0.98       300
           9       0.75      0.99      0.85       900

    accuracy                           0.80     39041
   macro avg       0.79      0.90      0.83     39041
weighted avg       0.84      0.80      0.81     39041



running time in seconds: 31.163

