       5731        141       4355       3295       2492       2785       1996        761        244       1491
          0         29          0          0          0          0          0          0          0          0
          0          9       1316        573        661          7        220        232         81        178
          0         12        674       1542        649          4        431        213          9         58
          0          0        317        711       1988          6        190        142        177         60
          0          7        738        141        452       1705        226        130         47         20
          0          0         22         18          3          0        234          4         10          4
          0          0         15          9          4          0         53        217          2          0
          0          0         19          1          6          0         15         28        230          1
          0          2         36         38          5         60         48        130        115        466

              precision    recall  f1-score   support

           0       1.00      0.25      0.39     23291
           1       0.14      1.00      0.25        29
           2       0.18      0.40      0.24      3277
           3       0.24      0.43      0.31      3592
           4       0.32      0.55      0.40      3591
           5       0.37      0.49      0.42      3466
           6       0.07      0.79      0.13       295
           7       0.12      0.72      0.20       300
           8       0.25      0.77      0.38       300
           9       0.20      0.52      0.29       900

    accuracy                           0.34     39041
   macro avg       0.29      0.59      0.30     39041
weighted avg       0.70      0.34      0.37     39041



running time in seconds: 259.870

