       8899         38       1728       1564       3829       4323        914        258        251       1487
          0         29          0          0          0          0          0          0          0          0
         10          5        601        507       1061        698        104         98         97         96
         11          5        334       1122       1404        348        218         87         30         33
          1          1         64        535       2386        299         87         48        155         15
        251          4        192        154        210       1652         57         40         49        857
          0          0          5         19         24         18        218          1         10          0
          0          0         10         11         12          8         52        201          6          0
          0          0          8          2          8          0         13         24        244          1
          2          0         32          3         32          1         22        110        266        432

              precision    recall  f1-score   support

           0       0.97      0.38      0.55     23291
           1       0.35      1.00      0.52        29
           2       0.20      0.18      0.19      3277
           3       0.29      0.31      0.30      3592
           4       0.27      0.66      0.38      3591
           5       0.22      0.48      0.31      3466
           6       0.13      0.74      0.22       295
           7       0.23      0.67      0.34       300
           8       0.22      0.81      0.35       300
           9       0.15      0.48      0.23       900

    accuracy                           0.40     39041
   macro avg       0.30      0.57      0.34     39041
weighted avg       0.67      0.40      0.45     39041



running time in seconds: 20.611

