       6452         17        750       1048       4007       4383        860        127       1116       4531
          0         29          0          0          0          0          0          0          0          0
         62          4        350        330       1337        825         90         39        198         42
         81          3        125       1009       1651        408        209         38         58         10
         14          0         43        263       2621        321         85         20        222          2
         47          4         41         81        358       1254         51         14         52       1564
          1          0          6         15         27         19        215          0         12          0
          0          0         23          8         31         18         50        168          2          0
          0          0         15          3         21          3         15         16        226          1
         13          0         11          2         62          8         35         90        410        269

              precision    recall  f1-score   support

           0       0.97      0.28      0.43     23291
           1       0.51      1.00      0.67        29
           2       0.26      0.11      0.15      3277
           3       0.37      0.28      0.32      3592
           4       0.26      0.73      0.38      3591
           5       0.17      0.36      0.23      3466
           6       0.13      0.73      0.23       295
           7       0.33      0.56      0.41       300
           8       0.10      0.75      0.17       300
           9       0.04      0.30      0.07       900

    accuracy                           0.32     39041
   macro avg       0.31      0.51      0.31     39041
weighted avg       0.68      0.32      0.36     39041



running time in seconds: 30.077

