          0          0          0          0          0          0          0          0          0          0
          0         20        280          2          3          0         17          1          0          1
          0          0       5771        289        639          0        123          0          0        110
          0          0       1265       1436       1092          0          0          0          0          6
          0          0        574        340       2196          0          0          0          0         15
          0          0        101         49        386          0          0          0          0          7
          0          0       1669         83         38          0       1628         71          0          8
          0          0        969         64         66          0        793        287         20         61
          0          0        805        120        187          0         84         45        154        401
          0          0       1789         77        575          0         13          0         57       1264

              precision    recall  f1-score   support

           1       1.00      0.06      0.12       324
           2       0.44      0.83      0.57      6932
           3       0.58      0.38      0.46      3799
           4       0.42      0.70      0.53      3125
           5       0.00      0.00      0.00       543
           6       0.61      0.47      0.53      3497
           7       0.71      0.13      0.22      2260
           8       0.67      0.09      0.15      1796
           9       0.67      0.33      0.45      3775

    accuracy                           0.49     26051
   macro avg       0.57      0.33      0.34     26051
weighted avg       0.55      0.49      0.45     26051

