          0          0          0          0          0          0          0          0          0          0
          0          4        296          0          2          0         21          0          0          1
          0          0       5934        202        567          0        115          1          0        113
          0          0       1347       1405       1043          0          0          0          0          4
          0          0        764        245       2113          0          0          0          0          3
          0          0        133         29        381          0          0          0          0          0
          0          0       1662         86         22          0       1654         69          0          4
          0          0        997         52         56          0        795        288          3         69
          0          0        831        127        161          0         80         45         26        526
          0          0       1709         73        579          0          6          0          5       1403

              precision    recall  f1-score   support

           1       1.00      0.01      0.02       324
           2       0.43      0.86      0.58      6932
           3       0.63      0.37      0.47      3799
           4       0.43      0.68      0.53      3125
           5       0.00      0.00      0.00       543
           6       0.62      0.47      0.54      3497
           7       0.71      0.13      0.22      2260
           8       0.76      0.01      0.03      1796
           9       0.66      0.37      0.48      3775

    accuracy                           0.49     26051
   macro avg       0.58      0.32      0.32     26051
weighted avg       0.57      0.49      0.45     26051

