      31569          0          0          0          0      11561          0          0          0          0
          0          0          0          0          0          0          0          0          0          0
          0          0          0          0          0          0          0          0          0          0
          0          0          0          0          0          0          0          0          0          0
          0          0          0          0          0          0          0          0          0          0
          3          0          0          0          0        478          0          0          0          0
          0          0          0          0          0          0          0          0          0          0
          0          0          0          0          0          0          0          0          0          0
          0          0          0          0          0          0          0          0          0          0
          0          0          0          0          0          0          0          0          0          0

              precision    recall  f1-score   support

           0       1.00      0.73      0.85     43130
           5       0.04      0.99      0.08       481

    accuracy                           0.73     43611
   macro avg       0.52      0.86      0.46     43611
weighted avg       0.99      0.73      0.84     43611

