      31990          0          0          0          0      11140          0          0          0          0
          0          0          0          0          0          0          0          0          0          0
          0          0          0          0          0          0          0          0          0          0
          0          0          0          0          0          0          0          0          0          0
          0          0          0          0          0          0          0          0          0          0
          0          0          0          0          0        481          0          0          0          0
          0          0          0          0          0          0          0          0          0          0
          0          0          0          0          0          0          0          0          0          0
          0          0          0          0          0          0          0          0          0          0
          0          0          0          0          0          0          0          0          0          0

              precision    recall  f1-score   support

           0       1.00      0.74      0.85     43130
           5       0.04      1.00      0.08       481

    accuracy                           0.74     43611
   macro avg       0.52      0.87      0.47     43611
weighted avg       0.99      0.74      0.84     43611

