          0          0          0          0          0          0          0
       5502        680        663        464          0          0          0
         19       1693          3         11          0          0          0
        156         57       2966         82          0          0          0
        175         46        319         74          0          0          0
        137        116        136        235          0          0          0
        536        502        247       4315          0          0          0

              precision    recall  f1-score   support

           0       0.00      0.00      0.00         0
           1       0.00      0.00      0.00       183
           2       0.22      0.08      0.12      8339
           3       0.00      0.00      0.00      1739
           4       0.00      0.00      0.00         0
           5       0.00      0.00      0.00         0
           6       0.02      0.02      0.02      3588
           7       0.00      0.00      0.00      3292
           8       0.00      0.00      0.00      3289
           9       0.00      0.00      0.00      6382

    accuracy                           0.03     26812
   macro avg       0.02      0.01      0.01     26812
weighted avg       0.07      0.03      0.04     26812



running time in seconds: 4.271

