          1         49          6          6          0          0          0
        634       6460        684        309          0          0          0
          3       1731          2          2          0          0          0
          5       1951       1360         80          0          0          0
          8       1792        458         83          0          0          0
         18       1766        506        104          0          0          0
        111       4427        407       1141          0          0          0

              precision    recall  f1-score   support

           0       0.00      0.00      0.00         0
           1       0.00      0.01      0.00       183
           2       0.36      0.77      0.49      8339
           3       0.00      0.00      0.00      1739
           4       0.00      0.00      0.00         0
           5       0.00      0.00      0.00         0
           6       0.05      0.02      0.03      3588
           7       0.00      0.00      0.00      3292
           8       0.00      0.00      0.00      3289
           9       0.00      0.00      0.00      6382

    accuracy                           0.24     26812
   macro avg       0.04      0.08      0.05     26812
weighted avg       0.12      0.24      0.16     26812



running time in seconds: 15.605

