          0          0          0          0          0          0          0
       5699        879        613        378          0          0          0
         12       1721          2          3          0          0          0
        163         91       2999         64          0          0          0
        197         85        332         59          0          0          0
        156        168        142        211          0          0          0
        600        732        249       4078          0          0          0

              precision    recall  f1-score   support

           0       0.00      0.00      0.00         0
           1       0.00      0.00      0.00       183
           2       0.24      0.11      0.15      8339
           3       0.00      0.00      0.00      1739
           4       0.00      0.00      0.00         0
           5       0.00      0.00      0.00         0
           6       0.01      0.02      0.02      3588
           7       0.00      0.00      0.00      3292
           8       0.00      0.00      0.00      3289
           9       0.00      0.00      0.00      6382

    accuracy                           0.04     26812
   macro avg       0.03      0.01      0.02     26812
weighted avg       0.08      0.04      0.05     26812



running time in seconds: 4.051

