          0          0          0          0          0          0          0
       6283        788        498        298          0          0          0
          6       1730          2          1          0          0          0
        165         73       3023         57          0          0          0
        225         85        298         43          0          0          0
        173        131        125        134          0          0          0
        614        726        192       4248          0          0          0

              precision    recall  f1-score   support

           0       0.00      0.00      0.00         0
           1       0.00      0.00      0.00       183
           2       0.22      0.09      0.13      8339
           3       0.00      0.00      0.00      1739
           4       0.00      0.00      0.00         0
           5       0.00      0.00      0.00         0
           6       0.01      0.02      0.01      3588
           7       0.00      0.00      0.00      3292
           8       0.00      0.00      0.00      3289
           9       0.00      0.00      0.00      6382

    accuracy                           0.03     26812
   macro avg       0.02      0.01      0.01     26812
weighted avg       0.07      0.03      0.04     26812



running time in seconds: 5.115

