          0          0          0          0          0          0          0
       8339          0          0          0          0          0          0
          0       1739          0          0          0          0          0
          0          0       3588          0          0          0          0
          0          0          0          0          0          0          0
          0          0          0          0          0          0          0
          0          0          0       6382          0          0          0

              precision    recall  f1-score   support

           0       0.00      0.00      0.00       0.0
           1       0.00      0.00      0.00     183.0
           2       0.00      0.00      0.00    8339.0
           3       0.00      0.00      0.00    1739.0
           4       0.00      0.00      0.00       0.0
           5       0.00      0.00      0.00       0.0
           6       0.00      0.00      0.00    3588.0
           7       0.00      0.00      0.00    3292.0
           8       0.00      0.00      0.00    3289.0
           9       0.00      0.00      0.00    6382.0

    accuracy                           0.00   26812.0
   macro avg       0.00      0.00      0.00   26812.0
weighted avg       0.00      0.00      0.00   26812.0



running time in seconds: 42.536

