          0          0          0          0          0          0          0
       2967       4472        500        134          0          0          0
          0       1739          0          0          0          0          0
         22        924       2481          9          0          0          0
         62        856        499         21          0          0          0
         43        906        292        121          0          0          0
        227       2552        323       2903          0          0          0

              precision    recall  f1-score   support

           0       0.00      0.00      0.00         0
           1       0.00      0.00      0.00       183
           2       0.39      0.54      0.45      8339
           3       0.00      0.00      0.00      1739
           4       0.00      0.00      0.00         0
           5       0.00      0.00      0.00         0
           6       0.00      0.00      0.00      3588
           7       0.00      0.00      0.00      3292
           8       0.00      0.00      0.00      3289
           9       0.00      0.00      0.00      6382

    accuracy                           0.17     26812
   macro avg       0.04      0.05      0.05     26812
weighted avg       0.12      0.17      0.14     26812



running time in seconds: 3.847

