          0          0          0          0          0          0          0
       2886       4834        313        103          0          0          0
          0       1739          0          0          0          0          0
         11        977       2462          4          0          0          0
         38       1023        355          9          0          0          0
         22        983        270         55          0          0          0
        138       2641        266       2916          0          0          0

              precision    recall  f1-score   support

           0       0.00      0.00      0.00         0
           1       0.00      0.00      0.00       183
           2       0.40      0.58      0.47      8339
           3       0.00      0.00      0.00      1739
           4       0.00      0.00      0.00         0
           5       0.00      0.00      0.00         0
           6       0.00      0.00      0.00      3588
           7       0.00      0.00      0.00      3292
           8       0.00      0.00      0.00      3289
           9       0.00      0.00      0.00      6382

    accuracy                           0.18     26812
   macro avg       0.04      0.06      0.05     26812
weighted avg       0.12      0.18      0.15     26812



running time in seconds: 4.893

