          3         48          4          5          0          0          0
        747       6506        616        243          0          0          0
          6       1723          2          4          0          0          0
         23       2024       1333         37          0          0          0
         28       1799        509         49          0          0          0
         46       1779        500         90          0          0          0
        183       4413        431       1060          0          0          0

              precision    recall  f1-score   support

           0       0.00      0.00      0.00         0
           1       0.00      0.02      0.00       183
           2       0.36      0.78      0.49      8339
           3       0.00      0.00      0.00      1739
           4       0.00      0.00      0.00         0
           5       0.00      0.00      0.00         0
           6       0.02      0.01      0.01      3588
           7       0.00      0.00      0.00      3292
           8       0.00      0.00      0.00      3289
           9       0.00      0.00      0.00      6382

    accuracy                           0.24     26812
   macro avg       0.04      0.08      0.05     26812
weighted avg       0.11      0.24      0.15     26812



running time in seconds: 16.384

