          0          0          0          0          0          0          0
       5215       1208        714        320          0          0          0
          4       1727          3          5          0          0          0
        195        131       2866         52          0          0          0
        222        163        413         80          0          0          0
        206        233        236        182          0          0          0
        696        934        307       3634          0          0          0

              precision    recall  f1-score   support

           0       0.00      0.00      0.00         0
           1       0.00      0.00      0.00       183
           2       0.27      0.14      0.19      8339
           3       0.00      0.00      0.00      1739
           4       0.00      0.00      0.00         0
           5       0.00      0.00      0.00         0
           6       0.01      0.01      0.01      3588
           7       0.00      0.00      0.00      3292
           8       0.00      0.00      0.00      3289
           9       0.00      0.00      0.00      6382

    accuracy                           0.05     26812
   macro avg       0.03      0.02      0.02     26812
weighted avg       0.09      0.05      0.06     26812



running time in seconds: 15.613

