        144          2          0          9          7          3
          2        239         84        258         41        273
          1         34        140        331         16        108
         15        180        237      16633         57        576
          0          1          0          9       1296         72
          3         38         17        179        160       4029

              precision    recall  f1-score   support

           0       0.87      0.87      0.87       165
           1       0.48      0.27      0.34       897
           2       0.29      0.22      0.25       630
           3       0.95      0.94      0.95     17698
           4       0.82      0.94      0.88      1378
           5       0.80      0.91      0.85      4426

    accuracy                           0.89     25194
   macro avg       0.70      0.69      0.69     25194
weighted avg       0.89      0.89      0.89     25194

