          1          0       4858         14          0          0          0          0          0          0
          0          0        435         24          0          0          0          0          0          0
          0          0      11509         82          0          0          0          0          0          0
          0          0       7888       1052          0          0          0          0          0          0
          0          0       6181        125          0          0          0          0          0          0
          0          0       4358         19          0          1          0          0          0          0
          0          0       2372         28          0          0          0          0          0          0
          0          0       2305         95          0          0          0          0          0          0
          0          0       2238         75          0          0          0          0          0          0
          0          0       5430         33          0          0          0          0          0          0

              precision    recall  f1-score   support

           0       1.00      0.00      0.00      4873
           1       0.00      0.00      0.00       459
           2       0.24      0.99      0.39     11591
           3       0.68      0.12      0.20      8940
           4       0.00      0.00      0.00      6306
           5       1.00      0.00      0.00      4378
           6       0.00      0.00      0.00      2400
           7       0.00      0.00      0.00      2400
           8       0.00      0.00      0.00      2313
           9       0.00      0.00      0.00      5463

    accuracy                           0.26     49123
   macro avg       0.29      0.11      0.06     49123
weighted avg       0.37      0.26      0.13     49123



running time in seconds: 0.435

