      10151          0          0          3          0          1          0          0          0          0
          6          2          0          0          0          0          0          0          0          0
        595          0       1097        102          0          1          0          0          0          0
          0          0          0       2477          3          0          0          0          0          0
          2          0          0         22       2145          0          0          0          0          0
          3          0          0         40          1       1752          0          0          0          0
        360          0          1          0          0          0        239          0          0          0
        471          0          1          0          0          0          0        128          0          0
        486          0          1          0          0          0          0          0        107          1
        382          0          0         12          0          0          0          0          0        816

              precision    recall  f1-score   support

           0       0.81      1.00      0.90     10155
           1       1.00      0.25      0.40         8
           2       1.00      0.61      0.76      1795
           3       0.93      1.00      0.96      2480
           4       1.00      0.99      0.99      2169
           5       1.00      0.98      0.99      1796
           6       1.00      0.40      0.57       600
           7       1.00      0.21      0.35       600
           8       1.00      0.18      0.30       595
           9       1.00      0.67      0.81      1210

    accuracy                           0.88     21408
   macro avg       0.97      0.63      0.70     21408
weighted avg       0.90      0.88      0.86     21408



running time in seconds: 6.308

