          0          0          0          0          0          0          0          0          0          0
          0          0         47          0          0          0          0          0          4        132
          0          0       7083          0          0          0          0          0         18       1238
          0          0       1112          0          0          0          0          0          0        627
          0          0          0          0          0          0          0          0          0          0
          0          0          0          0          0          0          0          0          0          0
          0          0       2282          0          0          0        174          0         26       1106
          0          0       1649          0          0          0          7          0        199       1437
          0          0       1372          0          0          0          0          0        254       1663
          0          0       2661          0          0          0          0          0          2       3719

              precision    recall  f1-score   support

           1       0.00      0.00      0.00       183
           2       0.44      0.85      0.58      8339
           3       0.00      0.00      0.00      1739
           6       0.96      0.05      0.09      3588
           7       0.00      0.00      0.00      3292
           8       0.50      0.08      0.13      3289
           9       0.37      0.58      0.46      6382

    accuracy                           0.42     26812
   macro avg       0.33      0.22      0.18     26812
weighted avg       0.42      0.42      0.32     26812



running time in seconds: 3.292

