      32373          0          1          0          0          0          0          0          0          0
          4        115          0          0          0          0          0          0          0          0
        423          0       2518         17          0          0          4          0          0         10
        979          0          7        809          0          0          0          0          0          0
        657          0          6          0       1133          0          0          0          0          0
       1137          0          3          0          1        654          0          0          0          0
        234          0          0          0          0          0        957          9          0          0
        404          0          0          0          0          0         15        780          0          1
        603          0          0          0          0          0          8          9        565         10
       1264          0         18          0          0          0          5          0          0       2122

              precision    recall  f1-score   support

           0       0.85      1.00      0.92     32374
           1       1.00      0.97      0.98       119
           2       0.99      0.85      0.91      2972
           3       0.98      0.45      0.62      1795
           4       1.00      0.63      0.77      1796
           5       1.00      0.36      0.53      1795
           6       0.97      0.80      0.87      1200
           7       0.98      0.65      0.78      1200
           8       1.00      0.47      0.64      1195
           9       0.99      0.62      0.76      3409

    accuracy                           0.88     47855
   macro avg       0.98      0.68      0.78     47855
weighted avg       0.89      0.88      0.86     47855



running time in seconds: 0.941

