          0          0          0          0          0          0          0          0          0          0
          0         78         45          0          0          0          3          0          3         54
          0          0       7367          0          0          0         43         22          6        901
          0          0       1117          0          0          0          0          0          0        622
          0          0          0          0          0          0          0          0          0          0
          0          0          0          0          0          0          0          0          0          0
          0          7       2220          0          0          0        725         25          8        603
          0         10       1608          0          0          0        217        271        117       1069
          0          0       1174          0          0          0        293         11        288       1523
          0          1       2406          0          0          0         46          0          6       3923

              precision    recall  f1-score   support

           1       0.81      0.43      0.56       183
           2       0.46      0.88      0.61      8339
           3       0.00      0.00      0.00      1739
           6       0.55      0.20      0.30      3588
           7       0.82      0.08      0.15      3292
           8       0.67      0.09      0.15      3289
           9       0.45      0.61      0.52      6382

    accuracy                           0.47     26812
   macro avg       0.54      0.33      0.33     26812
weighted avg       0.51      0.47      0.39     26812



running time in seconds: 1.102

