      32374          0          0          0          0          0          0          0          0          0
        119          0          0          0          0          0          0          0          0          0
       2970          0          2          0          0          0          0          0          0          0
       1795          0          0          0          0          0          0          0          0          0
       1796          0          0          0          0          0          0          0          0          0
       1795          0          0          0          0          0          0          0          0          0
       1195          0          0          0          0          0          5          0          0          0
       1200          0          0          0          0          0          0          0          0          0
       1181          0          0          0          0          0          0          0         14          0
       3386          0          0          0          0          0          0          0          0         23

              precision    recall  f1-score   support

           0       0.68      1.00      0.81     32374
           1       0.00      0.00      0.00       119
           2       1.00      0.00      0.00      2972
           3       0.00      0.00      0.00      1795
           4       0.00      0.00      0.00      1796
           5       0.00      0.00      0.00      1795
           6       1.00      0.00      0.01      1200
           7       0.00      0.00      0.00      1200
           8       1.00      0.01      0.02      1195
           9       1.00      0.01      0.01      3409

    accuracy                           0.68     47855
   macro avg       0.47      0.10      0.09     47855
weighted avg       0.64      0.68      0.55     47855



running time in seconds: 2.969

