       5263          0          1          0          0          0          0          0          0        209
         68          0          9          0          0          0          7          0          0          0
       1766          0       1191          0          0          0          0          0          0         18
          0          0          0          0          0          0          0          0          0          0
          0          0          0          0          0          0          0          0          0          0
          0          0          0          0          0          0          0          0          0          0
        868          0        103          0          0          0        101         39          0        102
        728          0         45          0          0          0         10        144          0        268
        655          0         27          0          0          0          5         55          0        296
        968          0        124          0          0          0         19         18          0        745

              precision    recall  f1-score   support

           0       0.51      0.96      0.67      5473
           1       0.00      0.00      0.00        84
           2       0.79      0.40      0.53      2975
           6       0.71      0.08      0.15      1213
           7       0.56      0.12      0.20      1195
           8       0.00      0.00      0.00      1038
           9       0.45      0.40      0.42      1874

    accuracy                           0.54     13852
   macro avg       0.43      0.28      0.28     13852
weighted avg       0.54      0.54      0.47     13852



running time in seconds: 0.139

