      49089          0          0          0          0          0          0          0          0          0
         19         34          0          0          0          0          0          0          0          0
       3212          0        376         12          0          0          0          0          0          0
       2308          0          0        844          0          0          0          0          0          0
       1789          0          0          0         11          0          0          0          0          0
       1795          0          0          0          0          0          0          0          0          0
        495          0          0          0          0          0         23          0          0          9
        444          0          0          0          0          0          0        151          0          0
        517          0          0          0          0          0          0          0         13         70
        924          0          0          0          0          0          0          0          0        876

              precision    recall  f1-score   support

           0       0.81      1.00      0.90     49089
           1       1.00      0.64      0.78        53
           2       1.00      0.10      0.19      3600
           3       0.99      0.27      0.42      3152
           4       1.00      0.01      0.01      1800
           5       0.00      0.00      0.00      1795
           6       1.00      0.04      0.08       527
           7       1.00      0.25      0.40       595
           8       1.00      0.02      0.04       600
           9       0.92      0.49      0.64      1800

    accuracy                           0.82     63011
   macro avg       0.87      0.28      0.35     63011
weighted avg       0.82      0.82      0.75     63011



running time in seconds: 6.953

