      23291          0          0          0          0          0          0          0          0          0
         29          0          0          0          0          0          0          0          0          0
       3276          0          0          0          1          0          0          0          0          0
       3589          0          0          0          3          0          0          0          0          0
       3366          0          0          0        220          5          0          0          0          0
       1902          0          0          0          0       1564          0          0          0          0
        293          0          0          0          0          0          2          0          0          0
        300          0          0          0          0          0          0          0          0          0
        218          0          0          0          0          0          0          0         68         14
        705          0          0          0          0         76          0          0          0        119

              precision    recall  f1-score   support

           0       0.63      1.00      0.77     23291
           1       0.00      0.00      0.00        29
           2       0.00      0.00      0.00      3277
           3       0.00      0.00      0.00      3592
           4       0.98      0.06      0.12      3591
           5       0.95      0.45      0.61      3466
           6       1.00      0.01      0.01       295
           7       0.00      0.00      0.00       300
           8       1.00      0.23      0.37       300
           9       0.89      0.13      0.23       900

    accuracy                           0.65     39041
   macro avg       0.55      0.19      0.21     39041
weighted avg       0.59      0.65      0.53     39041



running time in seconds: 7.528

