      23291          0          0          0          0          0          0          0          0          0
         11         18          0          0          0          0          0          0          0          0
       3209          0         68          0          0          0          0          0          0          0
       3553          0          0         39          0          0          0          0          0          0
       3457          0          0          0        134          0          0          0          0          0
       2674          0          0          0          0        792          0          0          0          0
        282          0          0          0          0          0         13          0          0          0
        263          0          0          0          0          0          0         37          0          0
        235          0          0          0          0          0          0          0         65          0
        845          0          0          0          0          1          0          0          0         54

              precision    recall  f1-score   support

           0       0.62      1.00      0.76     23291
           1       1.00      0.62      0.77        29
           2       1.00      0.02      0.04      3277
           3       1.00      0.01      0.02      3592
           4       1.00      0.04      0.07      3591
           5       1.00      0.23      0.37      3466
           6       1.00      0.04      0.08       295
           7       1.00      0.12      0.22       300
           8       1.00      0.22      0.36       300
           9       1.00      0.06      0.11       900

    accuracy                           0.63     39041
   macro avg       0.96      0.24      0.28     39041
weighted avg       0.77      0.63      0.51     39041



running time in seconds: 4.788

