          0          0          0          0          0          0          0          0          0          0
          0          0        324          0          0          0          0          0          0          0
          0          0       6922          0          0          0          0          0          0         10
          0          0       3799          0          0          0          0          0          0          0
          0          0       3125          0          0          0          0          0          0          0
          0          0        543          0          0          0          0          0          0          0
          0          0       3406          0          0          0         40         51          0          0
          0          0       2013          0          0          0          4        243          0          0
          0          0       1704          0          0          0          1         37          0         54
          0          0       3381          0          0          0          0          0          0        394

              precision    recall  f1-score   support

           1       0.00      0.00      0.00       324
           2       0.27      1.00      0.43      6932
           3       0.00      0.00      0.00      3799
           4       0.00      0.00      0.00      3125
           5       0.00      0.00      0.00       543
           6       0.89      0.01      0.02      3497
           7       0.73      0.11      0.19      2260
           8       0.00      0.00      0.00      1796
           9       0.86      0.10      0.19      3775

    accuracy                           0.29     26051
   macro avg       0.31      0.14      0.09     26051
weighted avg       0.38      0.29      0.16     26051



running time in seconds: 1.325

