      49089          0          0          0          0          0          0          0          0          0
         20         33          0          0          0          0          0          0          0          0
       3215          0        373         12          0          0          0          0          0          0
       2308          0          0        844          0          0          0          0          0          0
       1790          0          0          0         10          0          0          0          0          0
       1795          0          0          0          0          0          0          0          0          0
        491          0          0          0          0          0         27          0          0          9
        392          0          0          0          0          0          0        203          0          0
        497          0          0          0          0          0          0          0         34         69
        920          0          0          0          0          0          0          0          0        880

              precision    recall  f1-score   support

           0       0.81      1.00      0.90     49089
           1       1.00      0.62      0.77        53
           2       1.00      0.10      0.19      3600
           3       0.99      0.27      0.42      3152
           4       1.00      0.01      0.01      1800
           5       0.00      0.00      0.00      1795
           6       1.00      0.05      0.10       527
           7       1.00      0.34      0.51       595
           8       1.00      0.06      0.11       600
           9       0.92      0.49      0.64      1800

    accuracy                           0.82     63011
   macro avg       0.87      0.29      0.36     63011
weighted avg       0.82      0.82      0.76     63011



running time in seconds: 9.463

