       4421          0        308         55         89          0          0          0          0          0
         16        276        112         28         27          0          0          0          0          0
       1467          0       9545        527         52          0          0          0          0          0
        612          0       3760       3945        359         18          0          1          0        245
        132          0       3574        648       1590         18          0          0          0        344
        340          0       3466         63         61        448          0          0          0          0
        321          0       1319        462         68          0        227          0          0          3
        113          0       1108        660        113          7          3        369          6         21
         98          0       1149        608        118          2          5          2        118        213
        172          0       2447        455        264          0          0          0          0       2125

              precision    recall  f1-score   support

           0       0.57      0.91      0.70      4873
           1       1.00      0.60      0.75       459
           2       0.36      0.82      0.50     11591
           3       0.53      0.44      0.48      8940
           4       0.58      0.25      0.35      6306
           5       0.91      0.10      0.18      4378
           6       0.97      0.09      0.17      2400
           7       0.99      0.15      0.27      2400
           8       0.95      0.05      0.10      2313
           9       0.72      0.39      0.51      5463

    accuracy                           0.47     49123
   macro avg       0.76      0.38      0.40     49123
weighted avg       0.62      0.47      0.43     49123



running time in seconds: 4.627

