          0          0          0          0          0          0          0          0          0          0
          0          5        133          0          0          0          0          0          0         45
          0          0       8338          0          0          0          0          0          0          1
          0          0       1738          0          0          0          0          0          0          1
          0          0          0          0          0          0          0          0          0          0
          0          0          0          0          0          0          0          0          0          0
          0          0       3580          0          0          0          3          0          0          5
          0          0       3283          0          0          0          0          0          0          9
          0          0       3174          0          0          0          0          0          7        108
          0          0       6211          0          0          0          0          0          0        171

              precision    recall  f1-score   support

           1       1.00      0.03      0.05       183
           2       0.32      1.00      0.48      8339
           3       0.00      0.00      0.00      1739
           6       1.00      0.00      0.00      3588
           7       0.00      0.00      0.00      3292
           8       1.00      0.00      0.00      3289
           9       0.50      0.03      0.05      6382

    accuracy                           0.32     26812
   macro avg       0.55      0.15      0.08     26812
weighted avg       0.48      0.32      0.16     26812



running time in seconds: 0.168

