       5473          0          0          0          0          0          0          0          0          0
         13         64          7          0          0          0          0          0          0          0
         50          0       2925          0          0          0          0          0          0          0
          0          0          0          0          0          0          0          0          0          0
          0          0          0          0          0          0          0          0          0          0
          0          0          0          0          0          0          0          0          0          0
        126          0         68          0          0          0       1017          2          0          0
         97          0        107          0          0          0          0        987          0          4
        107          0         40          0          0          0          0          0        891          0
        184          0         31          0          0          0          0          0          0       1659

              precision    recall  f1-score   support

           0       0.90      1.00      0.95      5473
           1       1.00      0.76      0.86        84
           2       0.92      0.98      0.95      2975
           6       1.00      0.84      0.91      1213
           7       1.00      0.83      0.90      1195
           8       1.00      0.86      0.92      1038
           9       1.00      0.89      0.94      1874

    accuracy                           0.94     13852
   macro avg       0.97      0.88      0.92     13852
weighted avg       0.94      0.94      0.94     13852



running time in seconds: 3.773

