          0          0          0          0          0          0          0          0          0          0
          0        187        122          0          0          0         15          0          0          0
          0          0       6665         26        114          0         25          0          0        102
          0          0        987       2358        454          0          0          0          0          0
          0          0        769         52       2304          0          0          0          0          0
          0          0        239         19        251         28          0          0          0          6
          0          0       1273         27          4          0       2164         25          0          4
          0          0       1045         13         21          0        702        443          3         33
          0          0        928         56        108          0         66         35        292        311
          0          0       1282         33        412          0          0          0          0       2048

              precision    recall  f1-score   support

           1       1.00      0.58      0.73       324
           2       0.50      0.96      0.66      6932
           3       0.91      0.62      0.74      3799
           4       0.63      0.74      0.68      3125
           5       1.00      0.05      0.10       543
           6       0.73      0.62      0.67      3497
           7       0.88      0.20      0.32      2260
           8       0.99      0.16      0.28      1796
           9       0.82      0.54      0.65      3775

    accuracy                           0.63     26051
   macro avg       0.83      0.50      0.54     26051
weighted avg       0.74      0.63      0.61     26051



running time in seconds: 1.157

