       5159          0          4          0          5          1          0          0          0          0
          0        306         20          0          0          0          1          0          0          0
          1          0       6290         84          0          0          0          0          0          1
        286          0        751       3001          0         12          0          0          0          0
        454          0         22         30       1304          1          0          0          0          1
       1368          0          1         15          0        412          0          0          0          0
          2          0        137         21          0          0       1010          0          0          0
         19          0        419        231          0          0          0        199          0         25
          2          0        397        195          0          0          0          0        217         89
        459          0        615        217          0          0          0          0          0       1409

              precision    recall  f1-score   support

           0       0.67      1.00      0.80      5169
           1       1.00      0.94      0.97       327
           2       0.73      0.99      0.84      6376
           3       0.79      0.74      0.77      4050
           4       1.00      0.72      0.84      1812
           5       0.97      0.23      0.37      1796
           6       1.00      0.86      0.93      1170
           7       1.00      0.22      0.36       893
           8       1.00      0.24      0.39       900
           9       0.92      0.52      0.67      2700

    accuracy                           0.77     25193
   macro avg       0.91      0.65      0.69     25193
weighted avg       0.82      0.77      0.74     25193



running time in seconds: 2.063

