      23291          0          0          0          0          0          0          0          0          0
         10         19          0          0          0          0          0          0          0          0
       3204          0         73          0          0          0          0          0          0          0
       3552          0          0         40          0          0          0          0          0          0
       3451          0          0          0        140          0          0          0          0          0
       2572          0          0          0          0        894          0          0          0          0
        283          0          0          0          0          0         12          0          0          0
        265          0          0          0          0          0          0         35          0          0
        242          0          0          0          0          0          0          0         58          0
        839          0          0          0          0          2          0          0          0         59

              precision    recall  f1-score   support

           0       0.62      1.00      0.76     23291
           1       1.00      0.66      0.79        29
           2       1.00      0.02      0.04      3277
           3       1.00      0.01      0.02      3592
           4       1.00      0.04      0.08      3591
           5       1.00      0.26      0.41      3466
           6       1.00      0.04      0.08       295
           7       1.00      0.12      0.21       300
           8       1.00      0.19      0.32       300
           9       1.00      0.07      0.12       900

    accuracy                           0.63     39041
   macro avg       0.96      0.24      0.28     39041
weighted avg       0.77      0.63      0.51     39041



running time in seconds: 1.757

