      10153          0          0          2          0          0          0          0          0          0
          6          2          0          0          0          0          0          0          0          0
       1162          0        503        114         16          0          0          0          0          0
        110          0          0       2339         30          1          0          0          0          0
        329          0          0        211       1621          8          0          0          0          0
        285          0          0         94         80       1337          0          0          0          0
        535          0          0          0          0          0         65          0          0          0
        543          0          0          0          0          0          0         57          0          0
        561          0          0          0          0          0          0          0         34          0
        758          0          0         73          0          0          0          0          0        379

              precision    recall  f1-score   support

           0       0.70      1.00      0.83     10155
           1       1.00      0.25      0.40         8
           2       1.00      0.28      0.44      1795
           3       0.83      0.94      0.88      2480
           4       0.93      0.75      0.83      2169
           5       0.99      0.74      0.85      1796
           6       1.00      0.11      0.20       600
           7       1.00      0.10      0.17       600
           8       1.00      0.06      0.11       595
           9       1.00      0.31      0.48      1210

    accuracy                           0.77     21408
   macro avg       0.94      0.45      0.52     21408
weighted avg       0.83      0.77      0.73     21408



running time in seconds: 6.194

