        728          0       3746        399          0          0          0          0          0          0
          0         49        370         40          0          0          0          0          0          0
          3          0      11311        277          0          0          0          0          0          0
          0          0       6611       2329          0          0          0          0          0          0
          5          0       5967        330          0          0          0          0          0          4
          3          0       4302         46          0         27          0          0          0          0
          1          0       2249        150          0          0          0          0          0          0
          0          0       2012        388          0          0          0          0          0          0
          4          0       1952        357          0          0          0          0          0          0
         15          0       4892        512          0          0          0          0          0         44

              precision    recall  f1-score   support

           0       0.96      0.15      0.26      4873
           1       1.00      0.11      0.19       459
           2       0.26      0.98      0.41     11591
           3       0.48      0.26      0.34      8940
           4       0.00      0.00      0.00      6306
           5       1.00      0.01      0.01      4378
           6       0.00      0.00      0.00      2400
           7       0.00      0.00      0.00      2400
           8       0.00      0.00      0.00      2313
           9       0.92      0.01      0.02      5463

    accuracy                           0.29     49123
   macro avg       0.46      0.15      0.12     49123
weighted avg       0.44      0.29      0.19     49123



running time in seconds: 2.819

