      43130          0          0          0          0          0          0          0          0          0
          0          0          0          0          0          0          0          0          0          0
          0          0          0          0          0          0          0          0          0          0
          0          0          0          0          0          0          0          0          0          0
          0          0          0          0          0          0          0          0          0          0
        386          0          0          0          0         95          0          0          0          0
          0          0          0          0          0          0          0          0          0          0
          0          0          0          0          0          0          0          0          0          0
          0          0          0          0          0          0          0          0          0          0
          0          0          0          0          0          0          0          0          0          0

              precision    recall  f1-score   support

           0       0.99      1.00      1.00     43130
           5       1.00      0.20      0.33       481

    accuracy                           0.99     43611
   macro avg       1.00      0.60      0.66     43611
weighted avg       0.99      0.99      0.99     43611



running time in seconds: 2.028

