          0          0          0          0          0          0          0          0          0          0
          0        141         33          0          0          0          5          1          1          2
          0          0       8275          0          0          0         38         14          2         10
          0          0        413       1271          0          0          0          0          0         55
          0          0          0          0          0          0          0          0          0          0
          0          0          0          0          0          0          0          0          0          0
          0          0        783          2          0          0       2747         31          2         23
          0          0        803          2          0          0        136       2330          6         15
          0          0        680          0          0          0         82         43       2348        136
          0          0        960          0          0          0         59          8         15       5340

              precision    recall  f1-score   support

           1       1.00      0.77      0.87       183
           2       0.69      0.99      0.82      8339
           3       1.00      0.73      0.84      1739
           6       0.90      0.77      0.83      3588
           7       0.96      0.71      0.81      3292
           8       0.99      0.71      0.83      3289
           9       0.96      0.84      0.89      6382

    accuracy                           0.84     26812
   macro avg       0.93      0.79      0.84     26812
weighted avg       0.87      0.84      0.84     26812



running time in seconds: 0.509

