      41837          0          0          0          0          0          0          0          0          0
          0          0          0          0          0          0          0          0          0          0
          0          0          0          0          0          0          0          0          0          0
          0          0          0          0          0          0          0          0          0          0
        179          0          0          0          4          0          0          0          0          0
       1792          0          0          0          0          3          0          0          0          0
          0          0          0          0          0          0          0          0          0          0
          0          0          0          0          0          0          0          0          0          0
          0          0          0          0          0          0          0          0          0          0
          0          0          0          0          0          0          0          0          0          0

              precision    recall  f1-score   support

           0       0.96      1.00      0.98     41837
           4       1.00      0.02      0.04       183
           5       1.00      0.00      0.00      1795

    accuracy                           0.96     43815
   macro avg       0.99      0.34      0.34     43815
weighted avg       0.96      0.96      0.93     43815



running time in seconds: 6.139

