          0          0          0          0          0          0          0          0          0          0
          0         25        294          0          0          0          5          0          0          0
          0          0       6856          3          0          0          0          0          0         73
          0          0       3574        219          6          0          0          0          0          0
          0          0       3075          2         48          0          0          0          0          0
          0          0        542          0          1          0          0          0          0          0
          0          0       2720          2          0          0        725         50          0          0
          0          0       1651          2          0          0        312        292          0          3
          0          0       1374          4          0          0         18         44          0        356
          0          0       2698          3          8          0          0          0          0       1066

              precision    recall  f1-score   support

           1       1.00      0.08      0.14       324
           2       0.30      0.99      0.46      6932
           3       0.93      0.06      0.11      3799
           4       0.76      0.02      0.03      3125
           5       0.00      0.00      0.00       543
           6       0.68      0.21      0.32      3497
           7       0.76      0.13      0.22      2260
           8       0.00      0.00      0.00      1796
           9       0.71      0.28      0.40      3775

    accuracy                           0.35     26051
   macro avg       0.57      0.20      0.19     26051
weighted avg       0.58      0.35      0.26     26051



running time in seconds: 2.405

