      10155          0          0          0          0          0          0          0          0          0
          8          0          0          0          0          0          0          0          0          0
       1630          0         94         21         50          0          0          0          0          0
       1804          0          0        632         44          0          0          0          0          0
       1418          0          0         70        681          0          0          0          0          0
       1584          0          0         10        167         35          0          0          0          0
        600          0          0          0          0          0          0          0          0          0
        600          0          0          0          0          0          0          0          0          0
        595          0          0          0          0          0          0          0          0          0
       1207          0          0          0          0          0          0          0          0          3

              precision    recall  f1-score   support

           0       0.52      1.00      0.68     10155
           1       0.00      0.00      0.00         8
           2       1.00      0.05      0.10      1795
           3       0.86      0.25      0.39      2480
           4       0.72      0.31      0.44      2169
           5       1.00      0.02      0.04      1796
           6       0.00      0.00      0.00       600
           7       0.00      0.00      0.00       600
           8       0.00      0.00      0.00       595
           9       1.00      0.00      0.00      1210

    accuracy                           0.54     21408
   macro avg       0.51      0.16      0.17     21408
weighted avg       0.64      0.54      0.43     21408



running time in seconds: 0.897

