       5049          0        120          0          0          0          0          0          0          0
          0          0        327          0          0          0          0          0          0          0
         42          0       6307         27          0          0          0          0          0          0
       1058          0       2048        944          0          0          0          0          0          0
       1281          0        391          4        136          0          0          0          0          0
       1755          0         41          0          0          0          0          0          0          0
         34          0        959          5          0          0        172          0          0          0
         36          0        833         24          0          0          0          0          0          0
         32          0        854         14          0          0          0          0          0          0
        693          0       1906        101          0          0          0          0          0          0

              precision    recall  f1-score   support

           0       0.51      0.98      0.67      5169
           1       0.00      0.00      0.00       327
           2       0.46      0.99      0.63      6376
           3       0.84      0.23      0.37      4050
           4       1.00      0.08      0.14      1812
           5       0.00      0.00      0.00      1796
           6       1.00      0.15      0.26      1170
           7       0.00      0.00      0.00       893
           8       0.00      0.00      0.00       900
           9       0.00      0.00      0.00      2700

    accuracy                           0.50     25193
   macro avg       0.38      0.24      0.21     25193
weighted avg       0.47      0.50      0.38     25193



running time in seconds: 2.130

