       4977          0        192          0          0          0          0          0          0          0
          0          0        327          0          0          0          0          0          0          0
         36          0       6340          0          0          0          0          0          0          0
        990          0       3059          1          0          0          0          0          0          0
       1037          0        775          0          0          0          0          0          0          0
       1715          0         81          0          0          0          0          0          0          0
         13          0       1021          0          0          0        136          0          0          0
         10          0        883          0          0          0          0          0          0          0
         12          0        888          0          0          0          0          0          0          0
        621          0       2079          0          0          0          0          0          0          0

              precision    recall  f1-score   support

           0       0.53      0.96      0.68      5169
           1       0.00      0.00      0.00       327
           2       0.41      0.99      0.58      6376
           3       1.00      0.00      0.00      4050
           4       0.00      0.00      0.00      1812
           5       0.00      0.00      0.00      1796
           6       1.00      0.12      0.21      1170
           7       0.00      0.00      0.00       893
           8       0.00      0.00      0.00       900
           9       0.00      0.00      0.00      2700

    accuracy                           0.45     25193
   macro avg       0.29      0.21      0.15     25193
weighted avg       0.42      0.45      0.30     25193



running time in seconds: 1.968

