      35980          0          0          0          0          0          0          0          0          0
          0          0          0          0          0          0          0          0          0          0
          0          0          0          0          0          0          0          0          0          0
          0          0          0          0          0          0          0          0          0          0
        201          0          0          0        249          0          0          0          0          0
          0          0          0          0          0          0          0          0          0          0
          0          0          0          0          0          0          0          0          0          0
          0          0          0          0          0          0          0          0          0          0
          0          0          0          0          0          0          0          0          0          0
          0          0          0          0          0          0          0          0          0          0

              precision    recall  f1-score   support

           0       0.99      1.00      1.00     35980
           4       1.00      0.55      0.71       450

    accuracy                           0.99     36430
   macro avg       1.00      0.78      0.85     36430
weighted avg       0.99      0.99      0.99     36430



running time in seconds: 2.263

