       4508          0        260         15         90          0          0          0          0          0
          5        419         24         10          1          0          0          0          0          0
        254          0      11078        232         26          0          0          0          0          1
         60          0       2274       6215        212         60          0          0          0        119
        118          0       1646        119       4094         95          0          0          0        234
         81          0       1219         16         77       2985          0          0          0          0
        170          0        921        345         87          5        849          0          0         23
         23          0        800        384        119          2          0       1039          0         33
         13          0        858        304        109          0          0          1        897        131
         69          0       1083        224         34          3          0          0          0       4050

              precision    recall  f1-score   support

           0       0.85      0.93      0.89      4873
           1       1.00      0.91      0.95       459
           2       0.55      0.96      0.70     11591
           3       0.79      0.70      0.74      8940
           4       0.84      0.65      0.73      6306
           5       0.95      0.68      0.79      4378
           6       1.00      0.35      0.52      2400
           7       1.00      0.43      0.60      2400
           8       1.00      0.39      0.56      2313
           9       0.88      0.74      0.81      5463

    accuracy                           0.74     49123
   macro avg       0.89      0.67      0.73     49123
weighted avg       0.80      0.74      0.73     49123



running time in seconds: 12.924

