          0          0          0          0          0          0          0          0          0          0
          0         78         45          0          0          0          2          0          4         54
          0          0       7396          0          0          0         58         20          6        859
          0          0       1114          0          0          0          0          0          0        625
          0          0          0          0          0          0          0          0          0          0
          0          0          0          0          0          0          0          0          0          0
          0          7       2210          0          0          0        740         26          6        599
          0         10       1609          0          0          0        234        275        113       1051
          0          0       1185          0          0          0        295         15        286       1508
          0          1       2455          0          0          0         47          0          6       3873

              precision    recall  f1-score   support

           1       0.81      0.43      0.56       183
           2       0.46      0.89      0.61      8339
           3       0.00      0.00      0.00      1739
           6       0.54      0.21      0.30      3588
           7       0.82      0.08      0.15      3292
           8       0.68      0.09      0.15      3289
           9       0.45      0.61      0.52      6382

    accuracy                           0.47     26812
   macro avg       0.54      0.33      0.33     26812
weighted avg       0.51      0.47      0.39     26812



running time in seconds: 3.847

