      41837          0          0          0          0          0          0          0          0          0
          0          0          0          0          0          0          0          0          0          0
          0          0          0          0          0          0          0          0          0          0
          0          0          0          0          0          0          0          0          0          0
         57          0          0          0        113         13          0          0          0          0
         21          0          0          0          0       1774          0          0          0          0
          0          0          0          0          0          0          0          0          0          0
          0          0          0          0          0          0          0          0          0          0
          0          0          0          0          0          0          0          0          0          0
          0          0          0          0          0          0          0          0          0          0

              precision    recall  f1-score   support

           0       1.00      1.00      1.00     41837
           4       1.00      0.62      0.76       183
           5       0.99      0.99      0.99      1795

    accuracy                           1.00     43815
   macro avg       1.00      0.87      0.92     43815
weighted avg       1.00      1.00      1.00     43815



running time in seconds: 1.165

