       5420          0         15          0          0          0          0          0          0         38
         42         10         23          0          0          0          9          0          0          0
        854          0       2118          0          0          0          0          1          0          2
          0          0          0          0          0          0          0          0          0          0
          0          0          0          0          0          0          0          0          0          0
          0          0          0          0          0          0          0          0          0          0
        616          0        180          0          0          0        358         49          0         10
        481          0        169          0          0          0         12        349          0        184
        531          0         61          0          0          0          0         39        160        247
        900          0         83          0          0          0          9          2          1        879

              precision    recall  f1-score   support

           0       0.61      0.99      0.76      5473
           1       1.00      0.12      0.21        84
           2       0.80      0.71      0.75      2975
           6       0.92      0.30      0.45      1213
           7       0.79      0.29      0.43      1195
           8       0.99      0.15      0.27      1038
           9       0.65      0.47      0.54      1874

    accuracy                           0.67     13852
   macro avg       0.82      0.43      0.49     13852
weighted avg       0.73      0.67      0.63     13852



running time in seconds: 0.188

