          0          0       4873          0          0          0          0          0          0          0
          0          0        459          0          0          0          0          0          0          0
          0          0      11570         21          0          0          0          0          0          0
          0          0       8530        410          0          0          0          0          0          0
          0          0       6255         51          0          0          0          0          0          0
          0          0       4378          0          0          0          0          0          0          0
          0          0       2399          1          0          0          0          0          0          0
          0          0       2397          3          0          0          0          0          0          0
          0          0       2311          2          0          0          0          0          0          0
          0          0       5462          1          0          0          0          0          0          0

              precision    recall  f1-score   support

           0       0.00      0.00      0.00      4873
           1       0.00      0.00      0.00       459
           2       0.24      1.00      0.38     11591
           3       0.84      0.05      0.09      8940
           4       0.00      0.00      0.00      6306
           5       0.00      0.00      0.00      4378
           6       0.00      0.00      0.00      2400
           7       0.00      0.00      0.00      2400
           8       0.00      0.00      0.00      2313
           9       0.00      0.00      0.00      5463

    accuracy                           0.24     49123
   macro avg       0.11      0.10      0.05     49123
weighted avg       0.21      0.24      0.11     49123



running time in seconds: 2.245

