      23286          0          0          0          5          0          0          0          0          0
         12         17          0          0          0          0          0          0          0          0
       3165          0         76          0         36          0          0          0          0          0
       3519          0          0          4         69          0          0          0          0          0
       2493          0          0          0       1098          0          0          0          0          0
       1821          0          0          0         16       1629          0          0          0          0
        258          0          0          0          0          0         37          0          0          0
        281          0          0          0          1          0          1         17          0          0
        145          0          0          0          0          0          0          0        151          4
        424          0          0          0          0         59          0          0          0        417

              precision    recall  f1-score   support

           0       0.66      1.00      0.79     23291
           1       1.00      0.59      0.74        29
           2       1.00      0.02      0.05      3277
           3       1.00      0.00      0.00      3592
           4       0.90      0.31      0.46      3591
           5       0.97      0.47      0.63      3466
           6       0.97      0.13      0.22       295
           7       1.00      0.06      0.11       300
           8       1.00      0.50      0.67       300
           9       0.99      0.46      0.63       900

    accuracy                           0.68     39041
   macro avg       0.95      0.35      0.43     39041
weighted avg       0.78      0.68      0.60     39041



running time in seconds: 11.443

