       9641          0          0        378         11        122          0          0          0          3
          8          0          0          0          0          0          0          0          0          0
       1361          0         26        244        147         17          0          0          0          0
        132          0          0       2193        115         40          0          0          0          0
        254          0          0        545       1301         69          0          0          0          0
         54          0          0        625        318        799          0          0          0          0
        600          0          0          0          0          0          0          0          0          0
        600          0          0          0          0          0          0          0          0          0
        595          0          0          0          0          0          0          0          0          0
        878          0          0        232          1          0          0          0          0         99

              precision    recall  f1-score   support

           0       0.68      0.95      0.79     10155
           1       0.00      0.00      0.00         8
           2       1.00      0.01      0.03      1795
           3       0.52      0.88      0.65      2480
           4       0.69      0.60      0.64      2169
           5       0.76      0.44      0.56      1796
           6       0.00      0.00      0.00       600
           7       0.00      0.00      0.00       600
           8       0.00      0.00      0.00       595
           9       0.97      0.08      0.15      1210

    accuracy                           0.66     21408
   macro avg       0.46      0.30      0.28     21408
weighted avg       0.66      0.66      0.58     21408



running time in seconds: 3.938

