      49089          0          0          0          0          0          0          0          0          0
         44          9          0          0          0          0          0          0          0          0
       3329          0        270          1          0          0          0          0          0          0
       3129          0          0         23          0          0          0          0          0          0
       1800          0          0          0          0          0          0          0          0          0
       1795          0          0          0          0          0          0          0          0          0
        527          0          0          0          0          0          0          0          0          0
        595          0          0          0          0          0          0          0          0          0
        598          0          0          0          0          0          0          0          0          2
       1728          0          0          0          0          0          0          0          0         72

              precision    recall  f1-score   support

           0       0.78      1.00      0.88     49089
           1       1.00      0.17      0.29        53
           2       1.00      0.07      0.14      3600
           3       0.96      0.01      0.01      3152
           4       0.00      0.00      0.00      1800
           5       0.00      0.00      0.00      1795
           6       0.00      0.00      0.00       527
           7       0.00      0.00      0.00       595
           8       0.00      0.00      0.00       600
           9       0.97      0.04      0.08      1800

    accuracy                           0.78     63011
   macro avg       0.47      0.13      0.14     63011
weighted avg       0.74      0.78      0.70     63011



running time in seconds: 2.404

