       4364          0        406         99          4          0          0          0          0          0
         29          0        294        136          0          0          0          0          0          0
       1737          0       9272        579          3          0          0          0          0          0
       1384          0       4458       2923         86          0          0          0          0         89
        263          0       4313        956        563          0          0          0          0        211
        378          0       3886         83          7         24          0          0          0          0
        413          0       1466        521          0          0          0          0          0          0
        320          0       1280        792          3          1          0          0          0          4
        396          0       1207        629          1          0          0          0          0         80
        758          0       2938        849         38          0          0          0          0        880

              precision    recall  f1-score   support

           0       0.43      0.90      0.59      4873
           1       0.00      0.00      0.00       459
           2       0.31      0.80      0.45     11591
           3       0.39      0.33      0.35      8940
           4       0.80      0.09      0.16      6306
           5       0.96      0.01      0.01      4378
           6       0.00      0.00      0.00      2400
           7       0.00      0.00      0.00      2400
           8       0.00      0.00      0.00      2313
           9       0.70      0.16      0.26      5463

    accuracy                           0.37     49123
   macro avg       0.36      0.23      0.18     49123
weighted avg       0.45      0.37      0.28     49123



running time in seconds: 5.579

