       3662          0       1059        151          0          0          0          0          0          1
          0        154        282         23          0          0          0          0          0          0
        429          0      10840        321          0          0          0          0          0          1
        107          0       5285       3520          2          1          0          0          0         25
         97          0       5397        577        115          0          0          0          0        120
         79          0       4061         64          0        174          0          0          0          0
        167          0       1894        324          0          0         15          0          0          0
         19          0       1737        590          0          1          0         53          0          0
         50          0       1758        493          0          0          0          0          6          6
        295          0       4113        418          0          0          0          0          0        637

              precision    recall  f1-score   support

           0       0.75      0.75      0.75      4873
           1       1.00      0.34      0.50       459
           2       0.30      0.94      0.45     11591
           3       0.54      0.39      0.46      8940
           4       0.98      0.02      0.04      6306
           5       0.99      0.04      0.08      4378
           6       1.00      0.01      0.01      2400
           7       1.00      0.02      0.04      2400
           8       1.00      0.00      0.01      2313
           9       0.81      0.12      0.20      5463

    accuracy                           0.39     49123
   macro avg       0.84      0.26      0.25     49123
weighted avg       0.70      0.39      0.31     49123



running time in seconds: 2.068

