          0          0          0          0          0          0          0          0          0          0
          0        195        111          0          0          0         18          0          0          0
          0          0       6647         32        121          0         31          0          0        101
          0          0        952       2398        446          0          0          0          0          3
          0          0        732         56       2337          0          0          0          0          0
          0          0        225         20        264         31          0          0          0          3
          0          0       1218         23          4          0       2221         25          0          6
          0          0       1031         13         24          0        707        446          4         35
          0          0        938         60         97          0         72         36        269        324
          0          0       1262         33        389          0          0          0          0       2091

              precision    recall  f1-score   support

           1       1.00      0.60      0.75       324
           2       0.51      0.96      0.66      6932
           3       0.91      0.63      0.75      3799
           4       0.63      0.75      0.69      3125
           5       1.00      0.06      0.11       543
           6       0.73      0.64      0.68      3497
           7       0.88      0.20      0.32      2260
           8       0.99      0.15      0.26      1796
           9       0.82      0.55      0.66      3775

    accuracy                           0.64     26051
   macro avg       0.83      0.50      0.54     26051
weighted avg       0.74      0.64      0.61     26051



running time in seconds: 0.639

