      35980          0          0          0          0          0          0          0          0          0
          0          0          0          0          0          0          0          0          0          0
          0          0          0          0          0          0          0          0          0          0
          0          0          0          0          0          0          0          0          0          0
        358          0          0          0         92          0          0          0          0          0
          0          0          0          0          0          0          0          0          0          0
          0          0          0          0          0          0          0          0          0          0
          0          0          0          0          0          0          0          0          0          0
          0          0          0          0          0          0          0          0          0          0
          0          0          0          0          0          0          0          0          0          0

              precision    recall  f1-score   support

           0       0.99      1.00      1.00     35980
           4       1.00      0.20      0.34       450

    accuracy                           0.99     36430
   macro avg       1.00      0.60      0.67     36430
weighted avg       0.99      0.99      0.99     36430



running time in seconds: 2.193

