      10147          0          0          7          0          1          0          0          0          0
          6          2          0          0          0          0          0          0          0          0
        610          0       1076        105          1          3          0          0          0          0
          0          0          0       2472          7          1          0          0          0          0
          3          0          0         32       2134          0          0          0          0          0
          7          0          0         41          0       1748          0          0          0          0
        360          0          2          0          0          0        238          0          0          0
        474          0          2          0          0          0          0        124          0          0
        478          0          1          0          0          0          0          0        115          1
        395          0          1         13          0          1          0          0          0        800

              precision    recall  f1-score   support

           0       0.81      1.00      0.90     10155
           1       1.00      0.25      0.40         8
           2       0.99      0.60      0.75      1795
           3       0.93      1.00      0.96      2480
           4       1.00      0.98      0.99      2169
           5       1.00      0.97      0.98      1796
           6       1.00      0.40      0.57       600
           7       1.00      0.21      0.34       600
           8       1.00      0.19      0.32       595
           9       1.00      0.66      0.80      1210

    accuracy                           0.88     21408
   macro avg       0.97      0.63      0.70     21408
weighted avg       0.90      0.88      0.86     21408



running time in seconds: 0.866

