      69059          0          0          0          0          0          0          0          0          0
          7         83          1          0          0          0          0          0          0          0
       2456          0       1129          0          7          3          0          0          0          0
       2439          0          1       1077         36         41          0          0          0          0
       1825          0          0         53        811         54          0          0          0          0
        777          0          0         28        113        882          0          0          0          0
        450          0          0          0          0          0        139          0          0          0
        488          0          0          0          0          0          0         99          0         13
        549          0          0          0          0          0          0          0         26         25
       1574          0          0          0          0          0          0          0          0        226

              precision    recall  f1-score   support

           0       0.87      1.00      0.93     69059
           1       1.00      0.91      0.95        91
           2       1.00      0.31      0.48      3595
           3       0.93      0.30      0.45      3594
           4       0.84      0.30      0.44      2743
           5       0.90      0.49      0.63      1800
           6       1.00      0.24      0.38       589
           7       1.00      0.17      0.28       600
           8       1.00      0.04      0.08       600
           9       0.86      0.13      0.22      1800

    accuracy                           0.87     84471
   macro avg       0.94      0.39      0.49     84471
weighted avg       0.88      0.87      0.84     84471



running time in seconds: 26.175

