      43130          0          0          0          0          0          0          0          0          0
          0          0          0          0          0          0          0          0          0          0
          0          0          0          0          0          0          0          0          0          0
          0          0          0          0          0          0          0          0          0          0
          0          0          0          0          0          0          0          0          0          0
        281          0          0          0          0        200          0          0          0          0
          0          0          0          0          0          0          0          0          0          0
          0          0          0          0          0          0          0          0          0          0
          0          0          0          0          0          0          0          0          0          0
          0          0          0          0          0          0          0          0          0          0

              precision    recall  f1-score   support

           0       0.99      1.00      1.00     43130
           5       1.00      0.42      0.59       481

    accuracy                           0.99     43611
   macro avg       1.00      0.71      0.79     43611
weighted avg       0.99      0.99      0.99     43611



running time in seconds: 1.902

