      10155          0          0          0          0          0          0          0          0          0
          8          0          0          0          0          0          0          0          0          0
       1795          0          0          0          0          0          0          0          0          0
       2480          0          0          0          0          0          0          0          0          0
       2169          0          0          0          0          0          0          0          0          0
       1796          0          0          0          0          0          0          0          0          0
        600          0          0          0          0          0          0          0          0          0
        600          0          0          0          0          0          0          0          0          0
        595          0          0          0          0          0          0          0          0          0
       1210          0          0          0          0          0          0          0          0          0

              precision    recall  f1-score   support

           0       0.47      1.00      0.64     10155
           1       0.00      0.00      0.00         8
           2       0.00      0.00      0.00      1795
           3       0.00      0.00      0.00      2480
           4       0.00      0.00      0.00      2169
           5       0.00      0.00      0.00      1796
           6       0.00      0.00      0.00       600
           7       0.00      0.00      0.00       600
           8       0.00      0.00      0.00       595
           9       0.00      0.00      0.00      1210

    accuracy                           0.47     21408
   macro avg       0.05      0.10      0.06     21408
weighted avg       0.23      0.47      0.31     21408



running time in seconds: 0.994

