       5123          0         29          1         16          0          0          0          0          0
          0        265         61          0          0          0          1          0          0          0
          1          0       6237        138          0          0          0          0          0          0
        504          0       1103       2443          0          0          0          0          0          0
        580          0         59         24       1149          0          0          0          0          0
       1703          0         14         23          0         56          0          0          0          0
         15          0        417         72          0          0        666          0          0          0
         27          0        566        253          0          0          0         36          0         11
          6          0        561        254          0          0          0          0         44         35
        556          0       1004        548          0          0          0          0          0        592

              precision    recall  f1-score   support

           0       0.60      0.99      0.75      5169
           1       1.00      0.81      0.90       327
           2       0.62      0.98      0.76      6376
           3       0.65      0.60      0.63      4050
           4       0.99      0.63      0.77      1812
           5       1.00      0.03      0.06      1796
           6       1.00      0.57      0.73      1170
           7       1.00      0.04      0.08       893
           8       1.00      0.05      0.09       900
           9       0.93      0.22      0.35      2700

    accuracy                           0.66     25193
   macro avg       0.88      0.49      0.51     25193
weighted avg       0.76      0.66      0.60     25193



running time in seconds: 1.877

