          0          0          0          0          0          0          0          0          0          0
          0         77         44          0          0          0          3          0          4         55
          0          0       7366          0          0          0         63         20          6        884
          0          0       1115          0          0          0          0          0          0        624
          0          0          0          0          0          0          0          0          0          0
          0          0          0          0          0          0          0          0          0          0
          0          7       2213          0          0          0        746         26          8        588
          0          9       1604          0          0          0        250        273        122       1034
          0          0       1178          0          0          0        298         21        284       1508
          0          0       2444          0          0          0         55          0          6       3877

              precision    recall  f1-score   support

           1       0.83      0.42      0.56       183
           2       0.46      0.88      0.61      8339
           3       0.00      0.00      0.00      1739
           6       0.53      0.21      0.30      3588
           7       0.80      0.08      0.15      3292
           8       0.66      0.09      0.15      3289
           9       0.45      0.61      0.52      6382

    accuracy                           0.47     26812
   macro avg       0.53      0.33      0.33     26812
weighted avg       0.51      0.47      0.39     26812



running time in seconds: 1.486

