      43130          0          0          0          0          0          0          0          0          0
          0          0          0          0          0          0          0          0          0          0
          0          0          0          0          0          0          0          0          0          0
          0          0          0          0          0          0          0          0          0          0
          0          0          0          0          0          0          0          0          0          0
        266          0          0          0          0        215          0          0          0          0
          0          0          0          0          0          0          0          0          0          0
          0          0          0          0          0          0          0          0          0          0
          0          0          0          0          0          0          0          0          0          0
          0          0          0          0          0          0          0          0          0          0

              precision    recall  f1-score   support

           0       0.99      1.00      1.00     43130
           5       1.00      0.45      0.62       481

    accuracy                           0.99     43611
   macro avg       1.00      0.72      0.81     43611
weighted avg       0.99      0.99      0.99     43611



running time in seconds: 6.513

