      23290          0          0          0          1          0          0          0          0          0
          0         29          0          0          0          0          0          0          0          0
       2069          0       1075         70         63          0          0          0          0          0
       1481          0          0       2004        107          0          0          0          0          0
        830          0          0         18       2743          0          0          0          0          0
       1591          0          0          6         79       1790          0          0          0          0
        181          0          0          0          1          0        113          0          0          0
        124          0          0          7          2          0          0        167          0          0
         94          0          0          1          1          0          0          0        204          0
        125          0          0          0          0          5          0          0          0        770

              precision    recall  f1-score   support

           0       0.78      1.00      0.88     23291
           1       1.00      1.00      1.00        29
           2       1.00      0.33      0.49      3277
           3       0.95      0.56      0.70      3592
           4       0.92      0.76      0.83      3591
           5       1.00      0.52      0.68      3466
           6       1.00      0.38      0.55       295
           7       1.00      0.56      0.72       300
           8       1.00      0.68      0.81       300
           9       1.00      0.86      0.92       900

    accuracy                           0.82     39041
   macro avg       0.96      0.66      0.76     39041
weighted avg       0.86      0.82      0.80     39041



running time in seconds: 2.886

