       3517          0       1199        157          0          0          0          0          0          0
          0        144        294         21          0          0          0          0          0          0
        269          0      10985        337          0          0          0          0          0          0
         73          0       5293       3551          2          1          0          0          0         20
         74          0       5441        594         90          0          0          0          0        107
         54          0       4091         51          0        182          0          0          0          0
         92          0       1909        384          0          0         15          0          0          0
          8          0       1696        643          0          1          0         52          0          0
         43          0       1722        541          0          1          0          0          0          6
        286          0       4143        456          1          0          0          0          0        577

              precision    recall  f1-score   support

           0       0.80      0.72      0.76      4873
           1       1.00      0.31      0.48       459
           2       0.30      0.95      0.45     11591
           3       0.53      0.40      0.45      8940
           4       0.97      0.01      0.03      6306
           5       0.98      0.04      0.08      4378
           6       1.00      0.01      0.01      2400
           7       1.00      0.02      0.04      2400
           8       0.00      0.00      0.00      2313
           9       0.81      0.11      0.19      5463

    accuracy                           0.39     49123
   macro avg       0.74      0.26      0.25     49123
weighted avg       0.65      0.39      0.30     49123



running time in seconds: 5.206

