      23291          0          0          0          0          0          0          0          0          0
          2         27          0          0          0          0          0          0          0          0
       2979          0        298          0          0          0          0          0          0          0
       3159          0          0        431          2          0          0          0          0          0
       2584          0          0          0       1007          0          0          0          0          0
       2010          0          0          0          0       1456          0          0          0          0
        242          0          0          0          0          0         53          0          0          0
        188          0          0          0          0          0          0        112          0          0
        140          0          0          0          0          0          0          0        160          0
        645          0          0          0          0          8          0          0          0        247

              precision    recall  f1-score   support

           0       0.66      1.00      0.80     23291
           1       1.00      0.93      0.96        29
           2       1.00      0.09      0.17      3277
           3       1.00      0.12      0.21      3592
           4       1.00      0.28      0.44      3591
           5       0.99      0.42      0.59      3466
           6       1.00      0.18      0.30       295
           7       1.00      0.37      0.54       300
           8       1.00      0.53      0.70       300
           9       1.00      0.27      0.43       900

    accuracy                           0.69     39041
   macro avg       0.97      0.42      0.51     39041
weighted avg       0.80      0.69      0.62     39041



running time in seconds: 5.411

