      23291          0          0          0          0          0          0          0          0          0
         29          0          0          0          0          0          0          0          0          0
       3277          0          0          0          0          0          0          0          0          0
       3585          0          0          0          7          0          0          0          0          0
       3326          0          0          0        261          4          0          0          0          0
       1917          0          0          0          0       1549          0          0          0          0
        292          0          0          0          0          0          3          0          0          0
        300          0          0          0          0          0          0          0          0          0
        225          0          0          0          0          0          0          0         68          7
        723          0          0          0          0         75          0          0          0        102

              precision    recall  f1-score   support

           0       0.63      1.00      0.77     23291
           1       0.00      0.00      0.00        29
           2       0.00      0.00      0.00      3277
           3       0.00      0.00      0.00      3592
           4       0.97      0.07      0.14      3591
           5       0.95      0.45      0.61      3466
           6       1.00      0.01      0.02       295
           7       0.00      0.00      0.00       300
           8       1.00      0.23      0.37       300
           9       0.94      0.11      0.20       900

    accuracy                           0.65     39041
   macro avg       0.55      0.19      0.21     39041
weighted avg       0.59      0.65      0.54     39041



running time in seconds: 2.032

