      35980          0          0          0          0          0          0          0          0          0
          0          0          0          0          0          0          0          0          0          0
          0          0          0          0          0          0          0          0          0          0
          0          0          0          0          0          0          0          0          0          0
        415          0          0          0         35          0          0          0          0          0
          0          0          0          0          0          0          0          0          0          0
          0          0          0          0          0          0          0          0          0          0
          0          0          0          0          0          0          0          0          0          0
          0          0          0          0          0          0          0          0          0          0
          0          0          0          0          0          0          0          0          0          0

              precision    recall  f1-score   support

           0       0.99      1.00      0.99     35980
           4       1.00      0.08      0.14       450

    accuracy                           0.99     36430
   macro avg       0.99      0.54      0.57     36430
weighted avg       0.99      0.99      0.98     36430



running time in seconds: 2.826

