          0          0          0          0          0          0          0          0          0          0
          0          0        174          0          0          0          0          0          0          9
          0          0       8338          0          0          0          0          0          0          1
          0          0       1729          0          0          0          0          0          0         10
          0          0          0          0          0          0          0          0          0          0
          0          0          0          0          0          0          0          0          0          0
          0          0       3588          0          0          0          0          0          0          0
          0          0       3291          0          0          0          0          0          0          1
          0          0       3078          0          0          0          0          0          7        204
          0          0       6142          0          0          0          0          0          0        240

              precision    recall  f1-score   support

           1       0.00      0.00      0.00       183
           2       0.32      1.00      0.48      8339
           3       0.00      0.00      0.00      1739
           6       0.00      0.00      0.00      3588
           7       0.00      0.00      0.00      3292
           8       1.00      0.00      0.00      3289
           9       0.52      0.04      0.07      6382

    accuracy                           0.32     26812
   macro avg       0.26      0.15      0.08     26812
weighted avg       0.34      0.32      0.17     26812



running time in seconds: 3.795

