       4520          0        250         17         86          0          0          0          0          0
          6        410         29         12          2          0          0          0          0          0
        255          0      11047        249         39          0          0          0          0          1
         65          0       2151       6272        280         42          0          0          0        130
        117          0       1556        140       4139         95          0          0          0        259
         79          0       1150         18         76       3055          0          0          0          0
        159          0        868        371         82          5        892          0          0         23
         22          0        744        432        102          3          0       1068          1         28
         13          0        773        339         93          3          0          0        938        154
         69          0        987        230         45          6          0          0          0       4126

              precision    recall  f1-score   support

           0       0.85      0.93      0.89      4873
           1       1.00      0.89      0.94       459
           2       0.56      0.95      0.71     11591
           3       0.78      0.70      0.74      8940
           4       0.84      0.66      0.74      6306
           5       0.95      0.70      0.81      4378
           6       1.00      0.37      0.54      2400
           7       1.00      0.45      0.62      2400
           8       1.00      0.41      0.58      2313
           9       0.87      0.76      0.81      5463

    accuracy                           0.74     49123
   macro avg       0.89      0.68      0.74     49123
weighted avg       0.80      0.74      0.74     49123



running time in seconds: 1.959

