       5040          0        122          0          7          0          0          0          0          0
          0         48        279          0          0          0          0          0          0          0
        137          0       6004        235          0          0          0          0          0          0
        970          0       1662       1418          0          0          0          0          0          0
        952          0        228         13        619          0          0          0          0          0
       1748          0         40          8          0          0          0          0          0          0
         39          0        869         85          0          0        177          0          0          0
         76          0        651        166          0          0          0          0          0          0
         91          0        680        129          0          0          0          0          0          0
        804          0       1442        443          2          0          0          0          0          9

              precision    recall  f1-score   support

           0       0.51      0.98      0.67      5169
           1       1.00      0.15      0.26       327
           2       0.50      0.94      0.65      6376
           3       0.57      0.35      0.43      4050
           4       0.99      0.34      0.51      1812
           5       0.00      0.00      0.00      1796
           6       1.00      0.15      0.26      1170
           7       0.00      0.00      0.00       893
           8       0.00      0.00      0.00       900
           9       1.00      0.00      0.01      2700

    accuracy                           0.53     25193
   macro avg       0.56      0.29      0.28     25193
weighted avg       0.56      0.53      0.43     25193



running time in seconds: 0.244

