          0          0          0          0          0          0          0          0          0          0
          0        193        115          0          0          0         16          0          0          0
          0          0       6665         34        108          0         27          0          0         98
          0          0        976       2378        445          0          0          0          0          0
          0          0        767         57       2301          0          0          0          0          0
          0          0        233         21        252         32          0          0          0          5
          0          0       1250         31          1          0       2189         25          0          1
          0          0       1046         19         14          0        695        458          3         25
          0          0        933         57        105          0         65         36        280        320
          0          0       1303         36        407          0          0          0          0       2029

              precision    recall  f1-score   support

           1       1.00      0.60      0.75       324
           2       0.50      0.96      0.66      6932
           3       0.90      0.63      0.74      3799
           4       0.63      0.74      0.68      3125
           5       1.00      0.06      0.11       543
           6       0.73      0.63      0.67      3497
           7       0.88      0.20      0.33      2260
           8       0.99      0.16      0.27      1796
           9       0.82      0.54      0.65      3775

    accuracy                           0.63     26051
   macro avg       0.83      0.50      0.54     26051
weighted avg       0.74      0.63      0.61     26051



running time in seconds: 1.859

