      49060          0          0         29          0          0          0          0          0          0
         53          0          0          0          0          0          0          0          0          0
       3298          0        269         33          0          0          0          0          0          0
       2226          0          8        918          0          0          0          0          0          0
       1800          0          0          0          0          0          0          0          0          0
       1795          0          0          0          0          0          0          0          0          0
        525          0          0          1          0          0          0          0          0          1
        595          0          0          0          0          0          0          0          0          0
        581          0          0          0          0          0          0          0          0         19
       1431          0          0          0          0          0          0          0          0        369

              precision    recall  f1-score   support

           0       0.80      1.00      0.89     49089
           1       0.00      0.00      0.00        53
           2       0.97      0.07      0.14      3600
           3       0.94      0.29      0.44      3152
           4       0.00      0.00      0.00      1800
           5       0.00      0.00      0.00      1795
           6       0.00      0.00      0.00       527
           7       0.00      0.00      0.00       595
           8       0.00      0.00      0.00       600
           9       0.95      0.20      0.34      1800

    accuracy                           0.80     63011
   macro avg       0.37      0.16      0.18     63011
weighted avg       0.75      0.80      0.73     63011



running time in seconds: 3.900

