          0          0          0          0          0          0          0          0          0          0
          0          0        280          5         20          0         19          0          0          0
          0          0       5284        211       1158          0        170          2          0        107
          0          0       1360        895       1544          0          0          0          0          0
          0          0        178        240       2707          0          0          0          0          0
          0          0         36         29        476          0          0          0          0          2
          0          0       1361        107        150          0       1793         86          0          0
          0          0        789         46        269          0        843        294          0         19
          0          0        752         78        321          0        111         49          0        485
          0          0       1680         68        873          0         16          0          0       1138

              precision    recall  f1-score   support

           1       0.00      0.00      0.00       324
           2       0.45      0.76      0.57      6932
           3       0.53      0.24      0.33      3799
           4       0.36      0.87      0.51      3125
           5       0.00      0.00      0.00       543
           6       0.61      0.51      0.56      3497
           7       0.68      0.13      0.22      2260
           8       0.00      0.00      0.00      1796
           9       0.65      0.30      0.41      3775

    accuracy                           0.46     26051
   macro avg       0.36      0.31      0.29     26051
weighted avg       0.48      0.46      0.41     26051



running time in seconds: 3.953

