       9808          0          0        225          8        104          0          0          0         10
          8          0          0          0          0          0          0          0          0          0
       1293          0        183        228         67         21          0          0          0          3
         40          0          0       2318         84         38          0          0          0          0
        148          0          0        508       1473         38          0          0          0          2
         34          0          0        431        184       1147          0          0          0          0
        590          0          0          0          0          0          9          0          0          1
        600          0          0          0          0          0          0          0          0          0
        588          0          0          0          0          0          0          0          0          7
        707          0          0        103          0          0          0          0          0        400

              precision    recall  f1-score   support

           0       0.71      0.97      0.82     10155
           1       0.00      0.00      0.00         8
           2       1.00      0.10      0.19      1795
           3       0.61      0.93      0.74      2480
           4       0.81      0.68      0.74      2169
           5       0.85      0.64      0.73      1796
           6       1.00      0.01      0.03       600
           7       0.00      0.00      0.00       600
           8       0.00      0.00      0.00       595
           9       0.95      0.33      0.49      1210

    accuracy                           0.72     21408
   macro avg       0.59      0.37      0.37     21408
weighted avg       0.73      0.72      0.65     21408



running time in seconds: 3.677

