      49029          0          1         39          2          7          0          0          0         11
         53          0          0          0          0          0          0          0          0          0
       3294          0        244         61          1          0          0          0          0          0
       2054          0         10       1088          0          0          0          0          0          0
        817          0          0          0        878        105          0          0          0          0
        972          0          0          0        257        566          0          0          0          0
        448          0          0          1          0          0          0          0          0         78
        311          0          0          0          0          0          0        278          0          6
        325          0          0          1          0          0          0        136          0        138
        921          0          0          0          0          0          0          0          0        879

              precision    recall  f1-score   support

           0       0.84      1.00      0.91     49089
           1       0.00      0.00      0.00        53
           2       0.96      0.07      0.13      3600
           3       0.91      0.35      0.50      3152
           4       0.77      0.49      0.60      1800
           5       0.83      0.32      0.46      1795
           6       0.00      0.00      0.00       527
           7       0.67      0.47      0.55       595
           8       0.00      0.00      0.00       600
           9       0.79      0.49      0.60      1800

    accuracy                           0.84     63011
   macro avg       0.58      0.32      0.38     63011
weighted avg       0.83      0.84      0.80     63011

