      49032          0          0          3          0          0          0          0          0         54
         53          0          0          0          0          0          0          0          0          0
       3402          0        168         30          0          0          0          0          0          0
       2579          0          0        573          0          0          0          0          0          0
       1800          0          0          0          0          0          0          0          0          0
       1795          0          0          0          0          0          0          0          0          0
        459          0          0          0          0          0          0          0          0         68
        331          0          0          0          0          0          0        245          0         19
        354          0          0          0          0          0          0        112          6        128
        936          0          0          0          0          0          0          0          0        864

              precision    recall  f1-score   support

           0       0.81      1.00      0.89     49089
           1       0.00      0.00      0.00        53
           2       1.00      0.05      0.09      3600
           3       0.95      0.18      0.30      3152
           4       0.00      0.00      0.00      1800
           5       0.00      0.00      0.00      1795
           6       0.00      0.00      0.00       527
           7       0.69      0.41      0.51       595
           8       1.00      0.01      0.02       600
           9       0.76      0.48      0.59      1800

    accuracy                           0.81     63011
   macro avg       0.52      0.21      0.24     63011
weighted avg       0.77      0.81      0.74     63011

