      23282          0          0          0          0          9          0          0          0          0
         29          0          0          0          0          0          0          0          0          0
       3277          0          0          0          0          0          0          0          0          0
       3592          0          0          0          0          0          0          0          0          0
       3574          0          0          0         17          0          0          0          0          0
       2260          0          0          0          0       1206          0          0          0          0
        295          0          0          0          0          0          0          0          0          0
        300          0          0          0          0          0          0          0          0          0
        300          0          0          0          0          0          0          0          0          0
        882          0          0          0          0         18          0          0          0          0

              precision    recall  f1-score   support

           0       0.62      1.00      0.76     23291
           1       0.00      0.00      0.00        29
           2       0.00      0.00      0.00      3277
           3       0.00      0.00      0.00      3592
           4       1.00      0.00      0.01      3591
           5       0.98      0.35      0.51      3466
           6       0.00      0.00      0.00       295
           7       0.00      0.00      0.00       300
           8       0.00      0.00      0.00       300
           9       0.00      0.00      0.00       900

    accuracy                           0.63     39041
   macro avg       0.26      0.14      0.13     39041
weighted avg       0.55      0.63      0.50     39041

