      10058          0          0         94          0          3          0          0          0          0
          8          0          0          0          0          0          0          0          0          0
       1525          0          1        112        156          1          0          0          0          0
       1139          0          0       1209        128          4          0          0          0          0
        990          0          0        214        922         43          0          0          0          0
       1046          0          0        165        328        257          0          0          0          0
        600          0          0          0          0          0          0          0          0          0
        600          0          0          0          0          0          0          0          0          0
        595          0          0          0          0          0          0          0          0          0
       1077          0          0        131          2          0          0          0          0          0

              precision    recall  f1-score   support

           0       0.57      0.99      0.72     10155
           1       0.00      0.00      0.00         8
           2       1.00      0.00      0.00      1795
           3       0.63      0.49      0.55      2480
           4       0.60      0.43      0.50      2169
           5       0.83      0.14      0.24      1796
           6       0.00      0.00      0.00       600
           7       0.00      0.00      0.00       600
           8       0.00      0.00      0.00       595
           9       0.00      0.00      0.00      1210

    accuracy                           0.58     21408
   macro avg       0.36      0.20      0.20     21408
weighted avg       0.56      0.58      0.48     21408

