          0          0          0          0          0          0          0          0          0          0
          0         87        168         36          9          0         24          0          0          0
          0          2       5013        517        991          0        290          9          0        110
          0          0        538       1904       1354          0          0          0          0          3
          0          0         83        310       2726          0          0          0          0          6
          0          0         11         63        445          0          0          0          0         24
          0          0       1090        167        130          0       2026         83          0          1
          0          0        760         98        201          0        847        295         47         12
          0          0        667        195        261          0        111         48        142        372
          0          0       1476        164        741          0         71          0          5       1318

              precision    recall  f1-score   support

           1       0.98      0.27      0.42       324
           2       0.51      0.72      0.60      6932
           3       0.55      0.50      0.53      3799
           4       0.40      0.87      0.55      3125
           5       0.00      0.00      0.00       543
           6       0.60      0.58      0.59      3497
           7       0.68      0.13      0.22      2260
           8       0.73      0.08      0.14      1796
           9       0.71      0.35      0.47      3775

    accuracy                           0.52     26051
   macro avg       0.57      0.39      0.39     26051
weighted avg       0.57      0.52      0.48     26051

