      49041          0          0          3          0          0          0          0          0         45
         53          0          0          0          0          0          0          0          0          0
       3416          0        150         34          0          0          0          0          0          0
       2470          0          1        681          0          0          0          0          0          0
       1800          0          0          0          0          0          0          0          0          0
       1795          0          0          0          0          0          0          0          0          0
        484          0          0          0          0          0          0          0          0         43
        359          0          0          0          0          0          0        226          0         10
        377          0          0          0          0          0          0        108          3        112
        955          0          0          0          0          0          0          0          0        845

              precision    recall  f1-score   support

           0       0.81      1.00      0.89     49089
           1       0.00      0.00      0.00        53
           2       0.99      0.04      0.08      3600
           3       0.95      0.22      0.35      3152
           4       0.00      0.00      0.00      1800
           5       0.00      0.00      0.00      1795
           6       0.00      0.00      0.00       527
           7       0.68      0.38      0.49       595
           8       1.00      0.01      0.01       600
           9       0.80      0.47      0.59      1800

    accuracy                           0.81     63011
   macro avg       0.52      0.21      0.24     63011
weighted avg       0.77      0.81      0.74     63011

