      23288          0          0          0          3          0          0          0          0          0
         29          0          0          0          0          0          0          0          0          0
       3236          0          0          0         41          0          0          0          0          0
       3559          0          0          0         33          0          0          0          0          0
       3123          0          0          0        462          6          0          0          0          0
       1854          0          0          0         16       1596          0          0          0          0
        295          0          0          0          0          0          0          0          0          0
        299          0          0          0          1          0          0          0          0          0
        257          0          0          0          1          0          0          0          0         42
        571          0          0          0          0        141          0          0          0        188

              precision    recall  f1-score   support

           0       0.64      1.00      0.78     23291
           1       0.00      0.00      0.00        29
           2       0.00      0.00      0.00      3277
           3       0.00      0.00      0.00      3592
           4       0.83      0.13      0.22      3591
           5       0.92      0.46      0.61      3466
           6       0.00      0.00      0.00       295
           7       0.00      0.00      0.00       300
           8       0.00      0.00      0.00       300
           9       0.82      0.21      0.33       900

    accuracy                           0.65     39041
   macro avg       0.32      0.18      0.19     39041
weighted avg       0.56      0.65      0.55     39041

