      23286          0          0          0          5          0          0          0          0          0
         29          0          0          0          0          0          0          0          0          0
       3242          0          0          0         35          0          0          0          0          0
       3557          0          0          0         35          0          0          0          0          0
       3103          0          0          0        482          6          0          0          0          0
       1853          0          0          0         16       1597          0          0          0          0
        295          0          0          0          0          0          0          0          0          0
        299          0          0          0          1          0          0          0          0          0
        260          0          0          0          1          0          0          0          0         39
        548          0          0          0          0        139          0          0          0        213

              precision    recall  f1-score   support

           0       0.64      1.00      0.78     23291
           1       0.00      0.00      0.00        29
           2       0.00      0.00      0.00      3277
           3       0.00      0.00      0.00      3592
           4       0.84      0.13      0.23      3591
           5       0.92      0.46      0.61      3466
           6       0.00      0.00      0.00       295
           7       0.00      0.00      0.00       300
           8       0.00      0.00      0.00       300
           9       0.85      0.24      0.37       900

    accuracy                           0.66     39041
   macro avg       0.32      0.18      0.20     39041
weighted avg       0.56      0.66      0.55     39041

