      41527          0          0          0          0        310          0          0          0          0
          0          0          0          0          0          0          0          0          0          0
          0          0          0          0          0          0          0          0          0          0
          0          0          0          0          0          0          0          0          0          0
        127          0          0          0          0         56          0          0          0          0
        461          0          0          0          0       1334          0          0          0          0
          0          0          0          0          0          0          0          0          0          0
          0          0          0          0          0          0          0          0          0          0
          0          0          0          0          0          0          0          0          0          0
          0          0          0          0          0          0          0          0          0          0

              precision    recall  f1-score   support

           0       0.99      0.99      0.99     41837
           4       0.00      0.00      0.00       183
           5       0.78      0.74      0.76      1795

    accuracy                           0.98     43815
   macro avg       0.59      0.58      0.58     43815
weighted avg       0.97      0.98      0.98     43815

