       5021          1         97          5         45          0          0          0          0          0
          6        127        193          1          0          0          0          0          0          0
         21          0       5843        511          1          0          0          0          0          0
        759          0       1568       1711         12          0          0          0          0          0
        651          0        137         16       1008          0          0          0          0          0
       1771          0         16          4          5          0          0          0          0          0
         56          0        863        145          2          0        104          0          0          0
         31          0        593        264          3          0          0          0          0          2
         11          0        586        286         16          0          0          0          0          1
        564          0       1280        840         14          0          0          0          0          2

              precision    recall  f1-score   support

           0       0.56      0.97      0.71      5169
           1       0.99      0.39      0.56       327
           2       0.52      0.92      0.67      6376
           3       0.45      0.42      0.44      4050
           4       0.91      0.56      0.69      1812
           5       0.00      0.00      0.00      1796
           6       1.00      0.09      0.16      1170
           7       0.00      0.00      0.00       893
           8       0.00      0.00      0.00       900
           9       0.40      0.00      0.00      2700

    accuracy                           0.55     25193
   macro avg       0.48      0.33      0.32     25193
weighted avg       0.49      0.55      0.45     25193

