       4242          0        562          5        894       1383        227        131        298        465
          5         46          3          0          1          5          1          0          0         15
       1078          0       2251          2        550        551        222        354        167        291
       1019          0        830         82        814        781        136        208        101        185
        377          1        354          4       1503        146        137        256        101         85
        719          0        343          6        479       1280        142         89         79         85
        295          0        390          2        280         51        637        323         52         65
        190          0        236          0        282         22         90        841        148         70
        164          0        219          1        166         62         56        128        519         76
        698          0        313          3        469        241         73        257        356        875

              precision    recall  f1-score   support

           0       0.48      0.52      0.50      8207
           1       0.98      0.61      0.75        76
           2       0.41      0.41      0.41      5466
           3       0.78      0.02      0.04      4156
           4       0.28      0.51      0.36      2964
           5       0.28      0.40      0.33      3222
           6       0.37      0.30      0.33      2095
           7       0.33      0.45      0.38      1879
           8       0.29      0.37      0.32      1391
           9       0.40      0.27      0.32      3285

    accuracy                           0.37     32741
   macro avg       0.46      0.38      0.37     32741
weighted avg       0.44      0.37      0.35     32741

