       5631        344          2          5        595        420        334        311         75        490
          1         75          0          0          0          0          0          0          0          0
       1624        907         12         18        468        346       1075        640        142        234
       1430        537          6         13        402        282        832        433        106        115
        508        467          6          0        485        266        679        381         81         91
       1370        454          2          2        315        330        337        248         57        107
        242        372          1          3        202        100        790        308         43         34
        230        310          1          4        247        110        507        346         60         64
        365        182          1          3        132        143        227        158         76        104
       1413        267          3          2        332        331        260        339         72        266

              precision    recall  f1-score   support

           0       0.44      0.69      0.54      8207
           1       0.02      0.99      0.04        76
           2       0.35      0.00      0.00      5466
           3       0.26      0.00      0.01      4156
           4       0.15      0.16      0.16      2964
           5       0.14      0.10      0.12      3222
           6       0.16      0.38      0.22      2095
           7       0.11      0.18      0.14      1879
           8       0.11      0.05      0.07      1391
           9       0.18      0.08      0.11      3285

    accuracy                           0.25     32741
   macro avg       0.19      0.26      0.14     32741
weighted avg       0.27      0.25      0.20     32741

