       5970        139         33         28        435        372        335        292         92        511
          1         75          0          0          0          0          0          0          0          0
       1712        575         77         56        408        191       1475        525        212        235
       1462        306         40         52        346        212       1076        407        135        120
        492        273         31         35        514        165        873        345        139         97
       1415        336          9         19        302        319        386        239         84        113
        239        218          6         11        147         56       1075        242         75         26
        209        189          5         14        200         74        657        377         88         66
        395        116          6          8        131         76        298        142        122         97
       1549         99         23         41        305        199        316        305        140        308

              precision    recall  f1-score   support

           0       0.44      0.73      0.55      8207
           1       0.03      0.99      0.06        76
           2       0.33      0.01      0.03      5466
           3       0.20      0.01      0.02      4156
           4       0.18      0.17      0.18      2964
           5       0.19      0.10      0.13      3222
           6       0.17      0.51      0.25      2095
           7       0.13      0.20      0.16      1879
           8       0.11      0.09      0.10      1391
           9       0.20      0.09      0.13      3285

    accuracy                           0.27     32741
   macro avg       0.20      0.29      0.16     32741
weighted avg       0.27      0.27      0.22     32741

