       5851        236         28         31        512        295        376        299         66        513
          1         75          0          0          0          0          0          0          0          0
       1712        789         41         42        392        159       1367        548        162        254
       1475        461         22         36        410        170        954        385        122        121
        512        401         13         25        504        163        781        357        102        106
       1442        407          6          9        333        232        377        232         63        121
        249        313          5         10        180         53        927        274         56         28
        227        261          0          9        247         70        565        353         75         72
        383        171          4         14        126         84        285        132         92        100
       1526        197         16         41        316        145        360        288        108        288

              precision    recall  f1-score   support

           0       0.44      0.71      0.54      8207
           1       0.02      0.99      0.04        76
           2       0.30      0.01      0.01      5466
           3       0.17      0.01      0.02      4156
           4       0.17      0.17      0.17      2964
           5       0.17      0.07      0.10      3222
           6       0.15      0.44      0.23      2095
           7       0.12      0.19      0.15      1879
           8       0.11      0.07      0.08      1391
           9       0.18      0.09      0.12      3285

    accuracy                           0.26     32741
   macro avg       0.18      0.27      0.15     32741
weighted avg       0.25      0.26      0.20     32741

