       5978        168         15         27        468        305        323        283        101        539
          1         75          0          0          0          0          0          0          0          0
       1717        657         43         70        413        175       1422        503        224        242
       1484        354         22         51        400        182       1032        346        159        126
        502        290         13         26        571        160        829        323        138        112
       1437        354          8         13        351        257        365        227         86        124
        243        234          6         15        175         47        985        278         82         30
        223        200          4         16        260         61        591        359         96         69
        394        118          3         14        129         80        296        133        131         93
       1524        128         16         38        332        181        324        251        148        343

              precision    recall  f1-score   support

           0       0.44      0.73      0.55      8207
           1       0.03      0.99      0.06        76
           2       0.33      0.01      0.02      5466
           3       0.19      0.01      0.02      4156
           4       0.18      0.19      0.19      2964
           5       0.18      0.08      0.11      3222
           6       0.16      0.47      0.24      2095
           7       0.13      0.19      0.16      1879
           8       0.11      0.09      0.10      1391
           9       0.20      0.10      0.14      3285

    accuracy                           0.27     32741
   macro avg       0.20      0.29      0.16     32741
weighted avg       0.27      0.27      0.21     32741

