       9629          0          0        389          9        124          0          0          0          4
          8          0          0          0          0          0          0          0          0          0
       1359          0         24        238        156         18          0          0          0          0
        141          0          0       2189        108         42          0          0          0          0
        244          0          0        564       1277         84          0          0          0          0
         48          0          0        622        316        810          0          0          0          0
        600          0          0          0          0          0          0          0          0          0
        600          0          0          0          0          0          0          0          0          0
        595          0          0          0          0          0          0          0          0          0
        884          0          0        229          0          0          0          0          0         97

              precision    recall  f1-score   support

           0       0.68      0.95      0.79     10155
           1       0.00      0.00      0.00         8
           2       1.00      0.01      0.03      1795
           3       0.52      0.88      0.65      2480
           4       0.68      0.59      0.63      2169
           5       0.75      0.45      0.56      1796
           6       0.00      0.00      0.00       600
           7       0.00      0.00      0.00       600
           8       0.00      0.00      0.00       595
           9       0.96      0.08      0.15      1210

    accuracy                           0.66     21408
   macro avg       0.46      0.30      0.28     21408
weighted avg       0.65      0.66      0.57     21408



running time in seconds: 1.729

