      10155          0          0          0          0          0          0          0          0          0
          8          0          0          0          0          0          0          0          0          0
       1748          0         18          0         29          0          0          0          0          0
       2466          0          0          4         10          0          0          0          0          0
       1893          0          0          0        276          0          0          0          0          0
       1741          0          0          0         55          0          0          0          0          0
        600          0          0          0          0          0          0          0          0          0
        600          0          0          0          0          0          0          0          0          0
        595          0          0          0          0          0          0          0          0          0
       1210          0          0          0          0          0          0          0          0          0

              precision    recall  f1-score   support

           0       0.48      1.00      0.65     10155
           1       0.00      0.00      0.00         8
           2       1.00      0.01      0.02      1795
           3       1.00      0.00      0.00      2480
           4       0.75      0.13      0.22      2169
           5       0.00      0.00      0.00      1796
           6       0.00      0.00      0.00       600
           7       0.00      0.00      0.00       600
           8       0.00      0.00      0.00       595
           9       0.00      0.00      0.00      1210

    accuracy                           0.49     21408
   macro avg       0.32      0.11      0.09     21408
weighted avg       0.50      0.49      0.33     21408



running time in seconds: 0.751

