      10069          0          0         57          5         24          0          0          0          0
          8          0          0          0          0          0          0          0          0          0
       1025          0        524        200         22         23          0          0          0          1
          4          0          1       2422         41         12          0          0          0          0
         29          0          0        288       1835         15          0          0          0          2
         21          0          0        199         33       1543          0          0          0          0
        508          0          0          0          0          0         88          0          0          4
        591          0          0          0          0          0          0          9          0          0
        571          0          0          0          0          0          0          0          6         18
        512          0          0         46          0          0          0          0          0        652

              precision    recall  f1-score   support

           0       0.75      0.99      0.86     10155
           1       0.00      0.00      0.00         8
           2       1.00      0.29      0.45      1795
           3       0.75      0.98      0.85      2480
           4       0.95      0.85      0.89      2169
           5       0.95      0.86      0.90      1796
           6       1.00      0.15      0.26       600
           7       1.00      0.01      0.03       600
           8       1.00      0.01      0.02       595
           9       0.96      0.54      0.69      1210

    accuracy                           0.80     21408
   macro avg       0.84      0.47      0.50     21408
weighted avg       0.84      0.80      0.76     21408



running time in seconds: 3.914

