       9785          0          0        240         11        112          0          0          0          7
          8          0          0          0          0          0          0          0          0          0
       1269          0        194        222         83         22          0          0          0          5
         50          0          1       2287         89         53          0          0          0          0
        148          0          2        509       1444         62          0          0          0          4
         44          0          0        445        183       1124          0          0          0          0
        589          0          0          0          0          0          8          0          0          3
        599          0          0          0          0          0          0          1          0          0
        585          0          0          0          0          0          0          0          0         10
        708          0          0        125          0          0          0          0          0        377

              precision    recall  f1-score   support

           0       0.71      0.96      0.82     10155
           1       0.00      0.00      0.00         8
           2       0.98      0.11      0.19      1795
           3       0.60      0.92      0.73      2480
           4       0.80      0.67      0.73      2169
           5       0.82      0.63      0.71      1796
           6       1.00      0.01      0.03       600
           7       1.00      0.00      0.00       600
           8       0.00      0.00      0.00       595
           9       0.93      0.31      0.47      1210

    accuracy                           0.71     21408
   macro avg       0.68      0.36      0.37     21408
weighted avg       0.75      0.71      0.65     21408



running time in seconds: 0.346

