       9752          0          0        212        191          0          0          0          0          0
          8          0          0          0          0          0          0          0          0          0
       1443          0          0        191        161          0          0          0          0          0
       1051          0          0       1291        138          0          0          0          0          0
        683          0          0        311       1175          0          0          0          0          0
        596          0          0        271        925          4          0          0          0          0
        600          0          0          0          0          0          0          0          0          0
        600          0          0          0          0          0          0          0          0          0
        595          0          0          0          0          0          0          0          0          0
       1022          0          0        188          0          0          0          0          0          0

              precision    recall  f1-score   support

           0       0.60      0.96      0.74     10155
           1       0.00      0.00      0.00         8
           2       0.00      0.00      0.00      1795
           3       0.52      0.52      0.52      2480
           4       0.45      0.54      0.49      2169
           5       1.00      0.00      0.00      1796
           6       0.00      0.00      0.00       600
           7       0.00      0.00      0.00       600
           8       0.00      0.00      0.00       595
           9       0.00      0.00      0.00      1210

    accuracy                           0.57     21408
   macro avg       0.26      0.20      0.18     21408
weighted avg       0.47      0.57      0.46     21408



running time in seconds: 2.465

