       9610          0          0        408         17        119          0          0          0          1
          8          0          0          0          0          0          0          0          0          0
       1358          0         22        248        148         19          0          0          0          0
        134          0          0       2193        115         38          0          0          0          0
        242          0          0        556       1297         74          0          0          0          0
         57          0          0        620        327        792          0          0          0          0
        600          0          0          0          0          0          0          0          0          0
        600          0          0          0          0          0          0          0          0          0
        595          0          0          0          0          0          0          0          0          0
        867          0          0        254          1          0          0          0          0         88

              precision    recall  f1-score   support

           0       0.68      0.95      0.79     10155
           1       0.00      0.00      0.00         8
           2       1.00      0.01      0.02      1795
           3       0.51      0.88      0.65      2480
           4       0.68      0.60      0.64      2169
           5       0.76      0.44      0.56      1796
           6       0.00      0.00      0.00       600
           7       0.00      0.00      0.00       600
           8       0.00      0.00      0.00       595
           9       0.99      0.07      0.14      1210

    accuracy                           0.65     21408
   macro avg       0.46      0.30      0.28     21408
weighted avg       0.66      0.65      0.57     21408



running time in seconds: 1.081

