      10153          0          0          2          0          0          0          0          0          0
          8          0          0          0          0          0          0          0          0          0
       1467          0        206         88         34          0          0          0          0          0
        820          0          0       1606         53          1          0          0          0          0
        821          0          0        181       1151         16          0          0          0          0
       1032          0          0         76        142        546          0          0          0          0
        599          0          0          0          0          0          1          0          0          0
        596          0          0          0          0          0          0          4          0          0
        592          0          0          0          0          0          0          0          3          0
       1085          0          0         39          0          0          0          0          0         86

              precision    recall  f1-score   support

           0       0.59      1.00      0.74     10155
           1       0.00      0.00      0.00         8
           2       1.00      0.11      0.21      1795
           3       0.81      0.65      0.72      2480
           4       0.83      0.53      0.65      2169
           5       0.97      0.30      0.46      1796
           6       1.00      0.00      0.00       600
           7       1.00      0.01      0.01       600
           8       1.00      0.01      0.01       595
           9       1.00      0.07      0.13      1210

    accuracy                           0.64     21408
   macro avg       0.82      0.27      0.29     21408
weighted avg       0.76      0.64      0.57     21408



running time in seconds: 1.014

