       9812          0          0        237          7         92          0          0          0          7
          8          0          0          0          0          0          0          0          0          0
       1284          0        187        231         66         21          0          0          0          6
         46          0          1       2302         95         36          0          0          0          0
        177          0          0        492       1455         44          0          0          0          1
         34          0          0        442        192       1128          0          0          0          0
        590          0          0          0          0          0         10          0          0          0
        600          0          0          0          0          0          0          0          0          0
        589          0          0          0          0          0          0          0          0          6
        711          0          0        113          0          0          0          0          0        386

              precision    recall  f1-score   support

           0       0.71      0.97      0.82     10155
           1       0.00      0.00      0.00         8
           2       0.99      0.10      0.19      1795
           3       0.60      0.93      0.73      2480
           4       0.80      0.67      0.73      2169
           5       0.85      0.63      0.72      1796
           6       1.00      0.02      0.03       600
           7       0.00      0.00      0.00       600
           8       0.00      0.00      0.00       595
           9       0.95      0.32      0.48      1210

    accuracy                           0.71     21408
   macro avg       0.59      0.36      0.37     21408
weighted avg       0.72      0.71      0.65     21408



running time in seconds: 0.683

