      10155          0          0          0          0          0          0          0          0          0
          8          0          0          0          0          0          0          0          0          0
       1752          0         15          0         28          0          0          0          0          0
       2468          0          0          2         10          0          0          0          0          0
       1844          0          0          0        325          0          0          0          0          0
       1720          0          0          0         76          0          0          0          0          0
        600          0          0          0          0          0          0          0          0          0
        600          0          0          0          0          0          0          0          0          0
        595          0          0          0          0          0          0          0          0          0
       1210          0          0          0          0          0          0          0          0          0

              precision    recall  f1-score   support

           0       0.48      1.00      0.65     10155
           1       0.00      0.00      0.00         8
           2       1.00      0.01      0.02      1795
           3       1.00      0.00      0.00      2480
           4       0.74      0.15      0.25      2169
           5       0.00      0.00      0.00      1796
           6       0.00      0.00      0.00       600
           7       0.00      0.00      0.00       600
           8       0.00      0.00      0.00       595
           9       0.00      0.00      0.00      1210

    accuracy                           0.49     21408
   macro avg       0.32      0.12      0.09     21408
weighted avg       0.50      0.49      0.34     21408



running time in seconds: 2.049

