      10150          0          0          4          0          1          0          0          0          0
          7          1          0          0          0          0          0          0          0          0
        614          0       1080        101          0          0          0          0          0          0
          0          0          0       2478          2          0          0          0          0          0
          3          0          0         28       2138          0          0          0          0          0
          3          0          0         42          1       1750          0          0          0          0
        359          0          1          0          0          0        240          0          0          0
        479          0          1          0          0          0          0        120          0          0
        483          0          2          0          0          0          0          0        110          0
        389          0          1         15          0          0          0          0          0        805

              precision    recall  f1-score   support

           0       0.81      1.00      0.90     10155
           1       1.00      0.12      0.22         8
           2       1.00      0.60      0.75      1795
           3       0.93      1.00      0.96      2480
           4       1.00      0.99      0.99      2169
           5       1.00      0.97      0.99      1796
           6       1.00      0.40      0.57       600
           7       1.00      0.20      0.33       600
           8       1.00      0.18      0.31       595
           9       1.00      0.67      0.80      1210

    accuracy                           0.88     21408
   macro avg       0.97      0.61      0.68     21408
weighted avg       0.90      0.88      0.86     21408



running time in seconds: 9.184

