       5905          0          0          2          2          3          2          3          2          4
          0       6740          1          0          0          0          0          1          0          0
          0          0       5948          0          0          0          0          5          4          1
          1          0          1       6129          0          0          0          0          0          0
          1          1          0          0       5829          0          3          2          1          5
          0          0          0          0          0       5415          3          1          2          0
          0          1          0          0          0          3       5914          0          0          0
          0          4          0          0          0          0          0       6261          0          0
          0          3          1          0          0          3          0          1       5843          0
          0          3          0          0          4          1          0          2          0       5939

              precision    recall  f1-score   support

           0       1.00      1.00      1.00      5923
           1       1.00      1.00      1.00      6742
           2       1.00      1.00      1.00      5958
           3       1.00      1.00      1.00      6131
           4       1.00      1.00      1.00      5842
           5       1.00      1.00      1.00      5421
           6       1.00      1.00      1.00      5918
           7       1.00      1.00      1.00      6265
           8       1.00      1.00      1.00      5851
           9       1.00      1.00      1.00      5949

    accuracy                           1.00     60000
   macro avg       1.00      1.00      1.00     60000
weighted avg       1.00      1.00      1.00     60000

