       4767          0         52         27          8        365        151        103        393         57
          0       6251         94          7          2         56         83        107        117         25
         49         38       4078        105         66         88        328        274        758        174
         24         22         90       4198          6        442         86        104        989        170
          9         23          6          0       4092         26        243         54        295       1094
         78         20         96        243        142       3815        204        151        508        164
         49         35        135         15          7        123       5336         11        190         17
         14         69         38          2         47         18         17       5527        114        419
         14         47         99        175         24        127         42         73       5087        163
         24         27          2         35        353         61         23        345        181       4898

              precision    recall  f1-score   support

           0       0.95      0.80      0.87      5923
           1       0.96      0.93      0.94      6742
           2       0.87      0.68      0.77      5958
           3       0.87      0.68      0.77      6131
           4       0.86      0.70      0.77      5842
           5       0.74      0.70      0.72      5421
           6       0.82      0.90      0.86      5918
           7       0.82      0.88      0.85      6265
           8       0.59      0.87      0.70      5851
           9       0.68      0.82      0.75      5949

    accuracy                           0.80     60000
   macro avg       0.82      0.80      0.80     60000
weighted avg       0.82      0.80      0.80     60000

