       4768          0         52         27          8        375        152         89        394         58
          0       6263         82          7          2         60         81         90        131         26
         49         41       4065        107         65         92        341        261        773        164
         24         22         89       4208          6        446         89         93        985        169
          9         24          7          0       4131         32        234         51        288       1066
         78         27         91        236        140       3805        204        139        534        167
         49         39        132         17          8        126       5334         11        185         17
         14         68         37          2         46         25         18       5519        117        419
         14         46         93        178         25        128         45         59       5100        163
         24         26          2         34        347         64         23        338        184       4907

              precision    recall  f1-score   support

           0       0.95      0.80      0.87      5923
           1       0.96      0.93      0.94      6742
           2       0.87      0.68      0.77      5958
           3       0.87      0.69      0.77      6131
           4       0.86      0.71      0.78      5842
           5       0.74      0.70      0.72      5421
           6       0.82      0.90      0.86      5918
           7       0.83      0.88      0.85      6265
           8       0.59      0.87      0.70      5851
           9       0.69      0.82      0.75      5949

    accuracy                           0.80     60000
   macro avg       0.82      0.80      0.80     60000
weighted avg       0.82      0.80      0.80     60000

