       5870          1          4          1          1         11         12          6         11          6
          0       6729          3          2          0          4          3          0          1          0
          1          0       5895         12          8          2          4         10         17          9
          0          0         12       6065          0         12          0         15         18          9
          0          2          4          0       5737          9         21          8         12         49
          2          0          2          7          3       5333         33          4         32          5
          2          1          4          3          5         14       5889          0          0          0
          0          4          2          3          3          2          0       6225          5         21
          0          5         17         11          1         24          0          1       5790          2
          3          1          1          2         21          4          0         10          0       5907

              precision    recall  f1-score   support

           0       1.00      0.99      0.99      5923
           1       1.00      1.00      1.00      6742
           2       0.99      0.99      0.99      5958
           3       0.99      0.99      0.99      6131
           4       0.99      0.98      0.99      5842
           5       0.98      0.98      0.98      5421
           6       0.99      1.00      0.99      5918
           7       0.99      0.99      0.99      6265
           8       0.98      0.99      0.99      5851
           9       0.98      0.99      0.99      5949

    accuracy                           0.99     60000
   macro avg       0.99      0.99      0.99     60000
weighted avg       0.99      0.99      0.99     60000

