       5921          0          0          0          0          2          0          0          0          0
          0       6741          0          0          0          0          1          0          0          0
          0          0       5957          1          0          0          0          0          0          0
          0          0          0       6131          0          0          0          0          0          0
          0          0          0          0       5842          0          0          0          0          0
          0          0          0          0          0       5421          0          0          0          0
          0          0          0          0          0          0       5918          0          0          0
          0          1          0          0          0          0          0       6264          0          0
          0          3          1          0          0          0          0          0       5847          0
          0          0          0          0          0          0          0          0          0       5949

              precision    recall  f1-score   support

           0       1.00      1.00      1.00      5923
           1       1.00      1.00      1.00      6742
           2       1.00      1.00      1.00      5958
           3       1.00      1.00      1.00      6131
           4       1.00      1.00      1.00      5842
           5       1.00      1.00      1.00      5421
           6       1.00      1.00      1.00      5918
           7       1.00      1.00      1.00      6265
           8       1.00      1.00      1.00      5851
           9       1.00      1.00      1.00      5949

    accuracy                           1.00     60000
   macro avg       1.00      1.00      1.00     60000
weighted avg       1.00      1.00      1.00     60000

