       5894          0          3          2          0          7          6          2          4          5
          0       6738          0          0          0          3          0          0          0          1
          1          0       5932          4          0          1          1          8          9          2
          2          0          4       6119          0          0          0          2          2          2
          0          0          0          0       5822          1          6          2          3          8
          2          0          0          0          1       5405          3          2          5          3
          0          0          0          1          0          6       5911          0          0          0
          0          3          0          0          1          0          0       6258          1          2
          1          3          3          0          1          5          0          0       5838          0
          0          3          1          0          2          8          0          5          0       5930

              precision    recall  f1-score   support

           0       1.00      1.00      1.00      5923
           1       1.00      1.00      1.00      6742
           2       1.00      1.00      1.00      5958
           3       1.00      1.00      1.00      6131
           4       1.00      1.00      1.00      5842
           5       0.99      1.00      1.00      5421
           6       1.00      1.00      1.00      5918
           7       1.00      1.00      1.00      6265
           8       1.00      1.00      1.00      5851
           9       1.00      1.00      1.00      5949

    accuracy                           1.00     60000
   macro avg       1.00      1.00      1.00     60000
weighted avg       1.00      1.00      1.00     60000

