       5902          0          3          1          0          8          2          2          2          3
          0       6741          0          0          0          1          0          0          0          0
          0          0       5950          1          0          1          0          2          3          1
          0          0          4       6127          0          0          0          0          0          0
          0          0          0          0       5832          0          2          1          1          6
          0          0          0          0          0       5417          3          0          1          0
          0          0          0          2          1          3       5912          0          0          0
          0          1          0          0          0          0          0       6261          0          3
          0          4          2          0          0          8          0          0       5837          0
          0          0          1          0          3          4          0          1          0       5940

              precision    recall  f1-score   support

           0       1.00      1.00      1.00      5923
           1       1.00      1.00      1.00      6742
           2       1.00      1.00      1.00      5958
           3       1.00      1.00      1.00      6131
           4       1.00      1.00      1.00      5842
           5       1.00      1.00      1.00      5421
           6       1.00      1.00      1.00      5918
           7       1.00      1.00      1.00      6265
           8       1.00      1.00      1.00      5851
           9       1.00      1.00      1.00      5949

    accuracy                           1.00     60000
   macro avg       1.00      1.00      1.00     60000
weighted avg       1.00      1.00      1.00     60000

