       4648          0         69         35          8        427        154        101        420         61
          0       6241         83          8          2         44        105        120        116         23
         46         42       3966        110         64        134        385        299        726        186
         24         25         92       4078          6        476        101        116       1025        188
         14         25          7          0       4034         52        284         44        295       1087
         72         27        100        242        128       3698        219        200        577        158
         47         38        113         18          6        172       5282         14        214         14
         12         86         30          1         99         41         25       5383        113        475
         18         48        104        188         19        183         51         78       4968        194
         31         30          4         33        458         66         49        366        187       4725

              precision    recall  f1-score   support

           0       0.95      0.78      0.86      5923
           1       0.95      0.93      0.94      6742
           2       0.87      0.67      0.75      5958
           3       0.87      0.67      0.75      6131
           4       0.84      0.69      0.76      5842
           5       0.70      0.68      0.69      5421
           6       0.79      0.89      0.84      5918
           7       0.80      0.86      0.83      6265
           8       0.57      0.85      0.69      5851
           9       0.66      0.79      0.72      5949

    accuracy                           0.78     60000
   macro avg       0.80      0.78      0.78     60000
weighted avg       0.80      0.78      0.79     60000

