       5546          0         15         18          4        116         59         20         93         52
          0       6614         28         13          3         26          6         10         34          8
         28          5       5521         77         36         25         38         65        115         48
         15          1         56       5518          9        112         24         64        229        103
          7          2         18          1       5387         14         70         17         53        273
         16          2          4         77         25       4990         92         34        132         49
         19          3         23          5         19         53       5780          1         15          0
          2          6         31         13         29          7          0       6048         19        110
         12         17         36         74          7        107         12         13       5557         16
         15          4          3         25        145         48          1         65         14       5629

              precision    recall  f1-score   support

           0       0.98      0.94      0.96      5923
           1       0.99      0.98      0.99      6742
           2       0.96      0.93      0.94      5958
           3       0.95      0.90      0.92      6131
           4       0.95      0.92      0.94      5842
           5       0.91      0.92      0.91      5421
           6       0.95      0.98      0.96      5918
           7       0.95      0.97      0.96      6265
           8       0.89      0.95      0.92      5851
           9       0.90      0.95      0.92      5949

    accuracy                           0.94     60000
   macro avg       0.94      0.94      0.94     60000
weighted avg       0.94      0.94      0.94     60000

