      18977          0          0          0      16685       6175          0          0          0          0
          0          0          0          0          0          0          0          0          0          0
          0          0          0          0          0          0          0          0          0          0
          0          0          0          0          0          0          0          0          0          0
         18          0          0          0        150         15          0          0          0          0
         22          0          0          0        279       1494          0          0          0          0
          0          0          0          0          0          0          0          0          0          0
          0          0          0          0          0          0          0          0          0          0
          0          0          0          0          0          0          0          0          0          0
          0          0          0          0          0          0          0          0          0          0

              precision    recall  f1-score   support

           0       1.00      0.45      0.62     41837
           4       0.01      0.82      0.02       183
           5       0.19      0.83      0.32      1795

    accuracy                           0.47     43815
   macro avg       0.40      0.70      0.32     43815
weighted avg       0.96      0.47      0.61     43815

