       5807         13          7          2          7         21         43          4         10          9
          0       6741          0          0          0          0          0          1          0          0
          7        213       5533         21         39          1         16         69         52          7
          0        158         27       5715          5         75          4         53         51         43
          0        110          0          0       5565          0         13         18          2        134
          3        104          0         32         21       5186         32          9         10         24
          5        105          1          0         12         26       5767          0          2          0
          0        162         11          0         13          0          0       5992          0         87
          2        273         11         80         30         50         13         20       5315         57
          2        137          0         43         81          7          0        129         11       5539

              precision    recall  f1-score   support

           0       1.00      0.98      0.99      5923
           1       0.84      1.00      0.91      6742
           2       0.99      0.93      0.96      5958
           3       0.97      0.93      0.95      6131
           4       0.96      0.95      0.96      5842
           5       0.97      0.96      0.96      5421
           6       0.98      0.97      0.98      5918
           7       0.95      0.96      0.95      6265
           8       0.97      0.91      0.94      5851
           9       0.94      0.93      0.93      5949

    accuracy                           0.95     60000
   macro avg       0.96      0.95      0.95     60000
weighted avg       0.96      0.95      0.95     60000



running time in seconds: 36.838

