       5898          5          6          1          0          2          8          0          2          1
          0       6740          0          0          0          0          0          2          0          0
          2         44       5872          4          0          1          2         19          9          5
          0         13         10       6012          1         41          0         17         25         12
          0         35          0          0       5730          1          7          6          1         62
          1          5          0         15          2       5355         26          2          7          8
          1         14          3          0          4          4       5891          0          0          1
          0         35          5          1          6          0          0       6173          1         44
          7         56          9         15         11         23          8         13       5693         16
          2         27          1          3         46          3          0         48          3       5816

              precision    recall  f1-score   support

           0       1.00      1.00      1.00      5923
           1       0.97      1.00      0.98      6742
           2       0.99      0.99      0.99      5958
           3       0.99      0.98      0.99      6131
           4       0.99      0.98      0.98      5842
           5       0.99      0.99      0.99      5421
           6       0.99      1.00      0.99      5918
           7       0.98      0.99      0.98      6265
           8       0.99      0.97      0.98      5851
           9       0.98      0.98      0.98      5949

    accuracy                           0.99     60000
   macro avg       0.99      0.99      0.99     60000
weighted avg       0.99      0.99      0.99     60000



running time in seconds: 36.974

