       5915          0          1          0          0          2          5          0          0          0
          0       6737          0          0          0          0          0          4          0          1
        936         32       4968          2          0          0          0         14          3          3
        877         13          5       5180          0         22          1         14          6         13
        184         21          1          0       5557          0          7          6          0         66
        508          3          1          9          3       4878         14          1          3          1
        153          5          1          0          5          4       5749          0          1          0
         69         31          3          0          5          0          0       6117          0         40
        930         36          2         20          4         15          5          4       4822         13
        164         16          1          6         65          6          0         48          5       5638

              precision    recall  f1-score   support

           0       0.61      1.00      0.76      5923
           1       0.98      1.00      0.99      6742
           2       1.00      0.83      0.91      5958
           3       0.99      0.84      0.91      6131
           4       0.99      0.95      0.97      5842
           5       0.99      0.90      0.94      5421
           6       0.99      0.97      0.98      5918
           7       0.99      0.98      0.98      6265
           8       1.00      0.82      0.90      5851
           9       0.98      0.95      0.96      5949

    accuracy                           0.93     60000
   macro avg       0.95      0.92      0.93     60000
weighted avg       0.95      0.93      0.93     60000



running time in seconds: 37.855

