       5903          2          4          2          0          1          7          0          1          3
          0       6738          0          0          0          0          0          4          0          0
          6         45       5867          3          2          4          3         16          9          3
          2         16         12       6014          1         49          1         12         15          9
          0         23          0          0       5738          1          4          8          1         67
          4          7          0          9          1       5359         29          1          5          6
          5          8          3          0          7          4       5890          0          0          1
          0         39          7          0          7          1          0       6156          1         54
          6         48          9         16          8         26         11          8       5695         24
          3         25          2          4         53          6          0         44          2       5810

              precision    recall  f1-score   support

           0       1.00      1.00      1.00      5923
           1       0.97      1.00      0.98      6742
           2       0.99      0.98      0.99      5958
           3       0.99      0.98      0.99      6131
           4       0.99      0.98      0.98      5842
           5       0.98      0.99      0.99      5421
           6       0.99      1.00      0.99      5918
           7       0.99      0.98      0.98      6265
           8       0.99      0.97      0.98      5851
           9       0.97      0.98      0.97      5949

    accuracy                           0.99     60000
   macro avg       0.99      0.99      0.99     60000
weighted avg       0.99      0.99      0.99     60000



running time in seconds: 37.200

