       5814         10          9          3          8         20         39          1          9         10
          0       6741          0          0          0          0          0          1          0          0
          5        211       5529         20         46          1         14         72         56          4
          0        145         23       5731          5         82          3         59         45         38
          0        104          1          0       5614          0         10         17          3         93
          4         87          1         26         16       5226         37          5          6         13
          5         86          1          0         13         15       5795          0          3          0
          0        164          7          1         14          0          0       6009          0         70
          2        261         12         80         27         45          8         17       5335         64
          3        142          0         35        107          9          0        123         13       5517

              precision    recall  f1-score   support

           0       1.00      0.98      0.99      5923
           1       0.85      1.00      0.92      6742
           2       0.99      0.93      0.96      5958
           3       0.97      0.93      0.95      6131
           4       0.96      0.96      0.96      5842
           5       0.97      0.96      0.97      5421
           6       0.98      0.98      0.98      5918
           7       0.95      0.96      0.96      6265
           8       0.98      0.91      0.94      5851
           9       0.95      0.93      0.94      5949

    accuracy                           0.96     60000
   macro avg       0.96      0.95      0.96     60000
weighted avg       0.96      0.96      0.96     60000



running time in seconds: 37.191

