       5894          5          6          1          0          2         11          0          2          2
          0       6739          0          0          0          0          0          3          0          0
          3         36       5880          4          0          1          2         18          9          5
          0         11         11       6017          1         42          0         14         25         10
          0         27          0          0       5731          3          5          8          1         67
          1          5          0         17          3       5354         23          1          7         10
          2         12          4          0          5          5       5889          0          0          1
          1         31          7          1          8          0          0       6175          1         41
          7         38         11         17         10         23          8         14       5704         19
          3         20          1          4         64          2          0         47          4       5804

              precision    recall  f1-score   support

           0       1.00      1.00      1.00      5923
           1       0.97      1.00      0.99      6742
           2       0.99      0.99      0.99      5958
           3       0.99      0.98      0.99      6131
           4       0.98      0.98      0.98      5842
           5       0.99      0.99      0.99      5421
           6       0.99      1.00      0.99      5918
           7       0.98      0.99      0.98      6265
           8       0.99      0.97      0.98      5851
           9       0.97      0.98      0.97      5949

    accuracy                           0.99     60000
   macro avg       0.99      0.99      0.99     60000
weighted avg       0.99      0.99      0.99     60000



running time in seconds: 36.761

