       5907          1          2          1          1          2          9          0          0          0
          0       6740          0          0          0          0          0          2          0          0
          5         27       5886          4          2          1          0         19          8          6
          2         13         10       6011          0         38          0         14         24         19
          0         30          0          0       5706          0          5          8          2         91
          0          4          1         17          3       5363         22          1          6          4
          4         14          1          0          5          9       5884          0          0          1
          0         39          9          1         12          0          0       6159          1         44
          4         53          5         21         11         34         11          8       5686         18
          0         15          0          7         63          5          0         52          4       5803

              precision    recall  f1-score   support

           0       1.00      1.00      1.00      5923
           1       0.97      1.00      0.99      6742
           2       1.00      0.99      0.99      5958
           3       0.99      0.98      0.99      6131
           4       0.98      0.98      0.98      5842
           5       0.98      0.99      0.99      5421
           6       0.99      0.99      0.99      5918
           7       0.98      0.98      0.98      6265
           8       0.99      0.97      0.98      5851
           9       0.97      0.98      0.97      5949

    accuracy                           0.99     60000
   macro avg       0.99      0.99      0.99     60000
weighted avg       0.99      0.99      0.99     60000



running time in seconds: 41.384

