       5900          0          2          0          0          5         12          1          2          1
          0       6741          0          0          0          0          0          1          0          0
          5         43       5862          3          1          1          3         24          7          9
          2         20         11       5984          0         53          2         22         23         14
          1         29          1          0       5724          0          7          8          1         71
          2          9          2         13          3       5357         18          4          7          6
          4          9          3          0          3          9       5888          0          2          0
          0         42          1          0          6          0          0       6169          1         46
          6         58         11         27          9         21         15         10       5675         19
          5         20          1          8         63          8          0         54          4       5786

              precision    recall  f1-score   support

           0       1.00      1.00      1.00      5923
           1       0.97      1.00      0.98      6742
           2       0.99      0.98      0.99      5958
           3       0.99      0.98      0.98      6131
           4       0.99      0.98      0.98      5842
           5       0.98      0.99      0.99      5421
           6       0.99      0.99      0.99      5918
           7       0.98      0.98      0.98      6265
           8       0.99      0.97      0.98      5851
           9       0.97      0.97      0.97      5949

    accuracy                           0.98     60000
   macro avg       0.99      0.98      0.98     60000
weighted avg       0.98      0.98      0.98     60000



running time in seconds: 37.515

