       9749          1        891        738        896        565         64        160         96       1065
          2        232          4          1          2         19         12          3          3          1
        497          0       4439        782        734        274         21         32         23        403
        427          0       1085       4107        995        128          8         17         11        404
        329          0        589        420       3837        400         11          7          6        357
        688          0        665        368        477       2625          6         11         44        409
         44          0         12          7          2         23       1250         69          5         88
         49          0         21         27          9          8         40       1081        176         74
         44          0         15         14          6         18         10        128       1081        184
        326          0         96        107        125         68         16         69        185       3499

              precision    recall  f1-score   support

           0       0.80      0.69      0.74     14225
           1       1.00      0.83      0.91       279
           2       0.57      0.62      0.59      7205
           3       0.63      0.57      0.60      7182
           4       0.54      0.64      0.59      5956
           5       0.64      0.50      0.56      5293
           6       0.87      0.83      0.85      1500
           7       0.69      0.73      0.71      1485
           8       0.66      0.72      0.69      1500
           9       0.54      0.78      0.64      4491

    accuracy                           0.65     49116
   macro avg       0.69      0.69      0.69     49116
weighted avg       0.66      0.65      0.65     49116

