       1535        319        712        942        720       2333       2176       2135       3193        160
          0        271          2          2          1          1          2          0          0          0
        358        127       1282       1244        813       1195        523        939        665         59
        455        119        851       1763        835       1212        438        600        811         98
        341         69        630        896       1081       1661        425        323        475         55
        569         81        166        520        461       2574        177        295        345        105
          0         33         15         16         38         23       1151        211          7          6
          0         23          4         12          5         39        385        845        172          0
          6         24         12         30         22        125        262        591        424          4
         83        109         79        143        237        640        619       1269       1218         94

              precision    recall  f1-score   support

           0       0.46      0.11      0.17     14225
           1       0.23      0.97      0.37       279
           2       0.34      0.18      0.23      7205
           3       0.32      0.25      0.28      7182
           4       0.26      0.18      0.21      5956
           5       0.26      0.49      0.34      5293
           6       0.19      0.77      0.30      1500
           7       0.12      0.57      0.19      1485
           8       0.06      0.28      0.10      1500
           9       0.16      0.02      0.04      4491

    accuracy                           0.22     49116
   macro avg       0.24      0.38      0.22     49116
weighted avg       0.32      0.22      0.21     49116

