       1478        311        706       1063        619       2360       1875       2425       3223        165
          0        269          3          2          1          3          1          0          0          0
        362        128       1048       1314        576       1341        408       1185        775         68
        419        123        603       1863        603       1385        346        852        848        140
        343         79        369       1048        818       1713        337        510        671         68
        599         69        177        622        352       2457        150        413        378         76
          0         45         14         15         56         22       1064        270         13          1
          1         23          3         16          7         46        310        888        190          1
          2         18         12         22         24        139        260        613        403          7
         86         90         63        187        199        702        530       1396       1141         97

              precision    recall  f1-score   support

           0       0.45      0.10      0.17     14225
           1       0.23      0.96      0.38       279
           2       0.35      0.15      0.21      7205
           3       0.30      0.26      0.28      7182
           4       0.25      0.14      0.18      5956
           5       0.24      0.46      0.32      5293
           6       0.20      0.71      0.31      1500
           7       0.10      0.60      0.18      1485
           8       0.05      0.27      0.09      1500
           9       0.16      0.02      0.04      4491

    accuracy                           0.21     49116
   macro avg       0.23      0.37      0.21     49116
weighted avg       0.31      0.21      0.20     49116

