       1387        306        633       1029        652       2608       1958       2442       3053        157
          0        270          2          1          2          3          1          0          0          0
        338        149        890       1167        577       1573        407       1333        707         64
        393        127        473       1657        553       1704        360        947        841        127
        304        102        336        892        732       1962        315        591        663         59
        586         67        154        526        359       2553        174        452        351         71
          1         74         15         12         61         29        981        300         24          3
          2         15          7         12          6         79        305        872        187          0
          4         19          9         30         15        189        289        546        396          3
         94        125         40        157        160        787        541       1378       1112         97

              precision    recall  f1-score   support

           0       0.45      0.10      0.16     14225
           1       0.22      0.97      0.35       279
           2       0.35      0.12      0.18      7205
           3       0.30      0.23      0.26      7182
           4       0.23      0.12      0.16      5956
           5       0.22      0.48      0.30      5293
           6       0.18      0.65      0.29      1500
           7       0.10      0.59      0.17      1485
           8       0.05      0.26      0.09      1500
           9       0.17      0.02      0.04      4491

    accuracy                           0.20     49116
   macro avg       0.23      0.36      0.20     49116
weighted avg       0.30      0.20      0.19     49116

