       1567        283        831        952        657       2337       2103       2309       2969        217
          0        272          2          1          2          0          2          0          0          0
        365        128       1324       1301        654       1224        456        964        715         74
        479        120        797       1875        663       1305        377        669        741        156
        352         75        529        954        960       1745        349        377        557         58
        578         77        152        577        419       2536        157        380        330         87
          2         35         18         19         47         20       1115        238          4          2
          0         28          2         11          2         43        361        896        142          0
          4         24         12         23         21        132        273        639        360         12
        109         99         90        164        198        688        562       1476        999        106

              precision    recall  f1-score   support

           0       0.45      0.11      0.18     14225
           1       0.24      0.97      0.38       279
           2       0.35      0.18      0.24      7205
           3       0.32      0.26      0.29      7182
           4       0.26      0.16      0.20      5956
           5       0.25      0.48      0.33      5293
           6       0.19      0.74      0.31      1500
           7       0.11      0.60      0.19      1485
           8       0.05      0.24      0.09      1500
           9       0.15      0.02      0.04      4491

    accuracy                           0.22     49116
   macro avg       0.24      0.38      0.22     49116
weighted avg       0.31      0.22      0.21     49116

