        141          0          0          0          1          0
          5        366         84         63         18        103
          0         10        284          0          0          6
        108       2105       1378      30592        522       5085
         22        114        186        604        853        601
          5        407        566       1249        256       2121

              precision    recall  f1-score   support

           0       0.50      0.99      0.67       142
           1       0.12      0.57      0.20       639
           2       0.11      0.95      0.20       300
           3       0.94      0.77      0.85     39790
           4       0.52      0.36      0.42      2380
           5       0.27      0.46      0.34      4604

    accuracy                           0.72     47855
   macro avg       0.41      0.68      0.45     47855
weighted avg       0.84      0.72      0.76     47855



running time in seconds: 57.193

