        111          1          0          2         25          3
          0        140         79         61         78        281
          0         14        185          2         10         89
         83       1139        759      16691       3796      17322
          8         23         74         77       1474        724
          2         87        385        353        968       2809

              precision    recall  f1-score   support

           0       0.54      0.78      0.64       142
           1       0.10      0.22      0.14       639
           2       0.12      0.62      0.21       300
           3       0.97      0.42      0.59     39790
           4       0.23      0.62      0.34      2380
           5       0.13      0.61      0.22      4604

    accuracy                           0.45     47855
   macro avg       0.35      0.54      0.35     47855
weighted avg       0.84      0.45      0.53     47855



running time in seconds: 32.618

