        140          1          0          0          1          0
          3        426         29         48         19        114
          0        174        100          1          1         24
         78       2682        540      29453        743       6294
         14        132         90        452       1070        622
          5        673        211        981        315       2419

              precision    recall  f1-score   support

           0       0.58      0.99      0.73       142
           1       0.10      0.67      0.18       639
           2       0.10      0.33      0.16       300
           3       0.95      0.74      0.83     39790
           4       0.50      0.45      0.47      2380
           5       0.26      0.53      0.34      4604

    accuracy                           0.70     47855
   macro avg       0.42      0.62      0.45     47855
weighted avg       0.84      0.70      0.75     47855



running time in seconds: 59.919

