        139          0          0          1          1          1
          4         10        154        175         30        266
          0          0        285          1          4         10
        243         20       1977      29191        893       7466
         20          1        232        347        936        844
          6          3        877       1130        418       2170

              precision    recall  f1-score   support

           0       0.34      0.98      0.50       142
           1       0.29      0.02      0.03       639
           2       0.08      0.95      0.15       300
           3       0.95      0.73      0.83     39790
           4       0.41      0.39      0.40      2380
           5       0.20      0.47      0.28      4604

    accuracy                           0.68     47855
   macro avg       0.38      0.59      0.37     47855
weighted avg       0.83      0.68      0.74     47855



running time in seconds: 62.373

