        134          0          0          5          0          3
          5         48        156        135         38        257
          0          0        285          0          3         12
        385         81       2464      27860       1009       7991
         33          5        259        379        781        923
         13         10        863       1019        357       2342

              precision    recall  f1-score   support

           0       0.24      0.94      0.38       142
           1       0.33      0.08      0.12       639
           2       0.07      0.95      0.13       300
           3       0.95      0.70      0.81     39790
           4       0.36      0.33      0.34      2380
           5       0.20      0.51      0.29      4604

    accuracy                           0.66     47855
   macro avg       0.36      0.58      0.34     47855
weighted avg       0.83      0.66      0.72     47855



running time in seconds: 57.519

