        157          1          0          0          6          0
          0        646        110          2         72         10
          3        218        287         95         66        141
         29         25        148      11117        240       4552
         38        371         65         62       3110        428
         57        853        108       2288       1567       7885

              precision    recall  f1-score   support

           0       0.55      0.96      0.70       164
           1       0.31      0.77      0.44       840
           2       0.40      0.35      0.38       810
           3       0.82      0.69      0.75     16111
           4       0.61      0.76      0.68      4074
           5       0.61      0.62      0.61     12758

    accuracy                           0.67     34757
   macro avg       0.55      0.69      0.59     34757
weighted avg       0.69      0.67      0.67     34757

