        151          1          0          0         12          0
          0        599        112          0         73         56
          4        212        282        108         80        124
         20         25        128      13291        193       2454
         18        307         50         27       3431        241
         34        681         80       1925       1544       8494

              precision    recall  f1-score   support

           0       0.67      0.92      0.77       164
           1       0.33      0.71      0.45       840
           2       0.43      0.35      0.39       810
           3       0.87      0.82      0.84     16111
           4       0.64      0.84      0.73      4074
           5       0.75      0.67      0.70     12758

    accuracy                           0.76     34757
   macro avg       0.61      0.72      0.65     34757
weighted avg       0.77      0.76      0.76     34757

