     389278     120165      22829       6170      46931      20361      74499      37540       2146      42471
         52       2196         55         10         30          1        582         49          5         34
      21454      21965       7042        476       5324       1132      23638       6183        438       5335
      16446      12214       3254        345       3656        989      13828       5730        228       5648
      13862       8938       3342        226       4414        429       7800       4841        194       3711
      13093       7512       1361        298       2216       1153       7401       3965        208       3803
       3458       5308        438         65        431        442      11819       1710        140       1735
       4282       3862        512         94        375        279       7386       1936        162       1754
       4049       3668        606        144        471        228       5470       1266        195       1941
       9634       9831       1646        309       1580        902      14291       3240        277       5652

              precision    recall  f1-score   support

           0       0.82      0.51      0.63    762390
           1       0.01      0.73      0.02      3014
           2       0.17      0.08      0.11     92987
           3       0.04      0.01      0.01     62338
           4       0.07      0.09      0.08     47757
           5       0.04      0.03      0.03     41010
           6       0.07      0.46      0.12     25546
           7       0.03      0.09      0.04     20642
           8       0.05      0.01      0.02     18038
           9       0.08      0.12      0.09     47362

    accuracy                           0.38   1121084
   macro avg       0.14      0.21      0.12   1121084
weighted avg       0.58      0.38      0.45   1121084

