     369492     119346      27855      14363      36243      26745      82881      61244        460      23761
         20       2256         51          1         15          2        580         62          1         26
      18696      21070       7583       2047       5371       1016      25448       8918        102       2736
      14820      10668       3133       2348       4053        680      14847       9482         55       2252
      12389       8816       2735        508       4891        495       9074       7327         82       1440
      12388       7607       1477        241       2002       1488       8299       5896         51       1561
       2845       5095        303        222        487        551      12513       2563         45        922
       3622       3723        397        199        416        419       7835       3152         42        837
       3650       3612        593        164        467        295       6023       2185         38       1011
       8675       9697       1548        515       1567       1056      14434       6227         76       3567

              precision    recall  f1-score   support

           0       0.83      0.48      0.61    762390
           1       0.01      0.75      0.02      3014
           2       0.17      0.08      0.11     92987
           3       0.11      0.04      0.06     62338
           4       0.09      0.10      0.09     47757
           5       0.05      0.04      0.04     41010
           6       0.07      0.49      0.12     25546
           7       0.03      0.15      0.05     20642
           8       0.04      0.00      0.00     18038
           9       0.09      0.08      0.08     47362

    accuracy                           0.36   1121084
   macro avg       0.15      0.22      0.12   1121084
weighted avg       0.59      0.36      0.44   1121084

