     365557     114697      19188      16276      38615      21473      90517      46841      13995      35231
         14       2147         29          4         30          1        730         26         15         18
      16777      17705       8769       2427       5881       1170      27131       7841       2020       3266
      12800       9530       2602       3223       4820        904      15954       6963       2387       3155
      11817       8154       1862        931       5639        516      10181       5143       1469       2045
      12412       6009       1156        456       2570       2624       7810       4569       1253       2151
       2907       4353        247        279        504        303      13522       2010        647        774
       3479       2907        371        298        464        234       8750       2483        779        877
       3524       2943        637        247        488        212       6210       1624        911       1242
       8458       7942       1444        518       1554       1725      15007       4205       1925       4584

              precision    recall  f1-score   support

           0       0.84      0.48      0.61    762390
           1       0.01      0.71      0.02      3014
           2       0.24      0.09      0.14     92987
           3       0.13      0.05      0.07     62338
           4       0.09      0.12      0.10     47757
           5       0.09      0.06      0.07     41010
           6       0.07      0.53      0.12     25546
           7       0.03      0.12      0.05     20642
           8       0.04      0.05      0.04     18038
           9       0.09      0.10      0.09     47362

    accuracy                           0.37   1121084
   macro avg       0.16      0.23      0.13   1121084
weighted avg       0.61      0.37      0.45   1121084

