     380089     119462      25030      15701      37597      11052      80690      59506       4100      29163
         24       2241         43          2         17          1        608         56          3         19
      18339      20417       7845       2137       5642        504      25242       8681        653       3527
      14545      10458       2992       2387       4530        430      14234       7836       1239       3687
      12345       8919       2418        530       5149        307       9120       5932        717       2320
      12904       7514       1316        337       2302        783       7671       5135        583       2465
       3120       5034        285        247        482        158      12671       2379        266        904
       3791       3537        405        224        431        107       7933       2836        305       1073
       3715       3452        631        207        446         75       5794       2110        326       1282
       8918       9401       1497        521       1585        568      14034       5890        657       4291

              precision    recall  f1-score   support

           0       0.83      0.50      0.62    762390
           1       0.01      0.74      0.02      3014
           2       0.18      0.08      0.12     92987
           3       0.11      0.04      0.06     62338
           4       0.09      0.11      0.10     47757
           5       0.06      0.02      0.03     41010
           6       0.07      0.50      0.12     25546
           7       0.03      0.14      0.05     20642
           8       0.04      0.02      0.02     18038
           9       0.09      0.09      0.09     47362

    accuracy                           0.37   1121084
   macro avg       0.15      0.22      0.12   1121084
weighted avg       0.60      0.37      0.45   1121084

