     385653     115559      23672      15869      37772      10809      80089      61293        978      30696
         27       2242         41          1         28          1        599         57          2         16
      18779      20474       7304       2120       6028        455      25451       8590        180       3606
      14668      10611       2849       2543       4528        501      14385       8635        170       3448
      12428       8973       2157        598       5299        296       9037       6797        193       1979
      13153       6319       1156        388       2492       1656       7643       5708        149       2346
       3122       5029        251        233        520        144      12766       2357         79       1045
       3858       3574        374        244        468         60       7865       2982         89       1128
       3811       3455        531        213        557         61       5692       2219         78       1421
       9100       8815       1319       1204       1673        529      14062       6073        160       4427

              precision    recall  f1-score   support

           0       0.83      0.51      0.63    762390
           1       0.01      0.74      0.02      3014
           2       0.18      0.08      0.11     92987
           3       0.11      0.04      0.06     62338
           4       0.09      0.11      0.10     47757
           5       0.11      0.04      0.06     41010
           6       0.07      0.50      0.13     25546
           7       0.03      0.14      0.05     20642
           8       0.04      0.00      0.01     18038
           9       0.09      0.09      0.09     47362

    accuracy                           0.38   1121084
   macro avg       0.16      0.23      0.13   1121084
weighted avg       0.60      0.38      0.45   1121084

