     382936     111811      24351      12379      37149      17479      93743      58126       2003      22413
         18       2208         45          0         29          2        650         43          4         15
      18148      19834       7775       2197       5560        517      28133       7941        381       2501
      14229      10199       2881       2585       4445        429      17196       7865        525       1984
      12334       8544       2352        625       5201        301      10643       6035        326       1396
      12969       6196       1233        340       2386       1961       8942       5186        296       1501
       3123       4853        256        266        475        137      13690       1906        145        695
       3748       3433        387        269        417         93       8799       2586        174        736
       3722       3244        599        225        484        136       6544       1986        179        919
       8994       8534       1436        385       1589       1418      15881       5323        299       3503

              precision    recall  f1-score   support

           0       0.83      0.50      0.63    762390
           1       0.01      0.73      0.02      3014
           2       0.19      0.08      0.12     92987
           3       0.13      0.04      0.06     62338
           4       0.09      0.11      0.10     47757
           5       0.09      0.05      0.06     41010
           6       0.07      0.54      0.12     25546
           7       0.03      0.13      0.04     20642
           8       0.04      0.01      0.02     18038
           9       0.10      0.07      0.08     47362

    accuracy                           0.38   1121084
   macro avg       0.16      0.23      0.13   1121084
weighted avg       0.60      0.38      0.45   1121084

