     424808      55628      54331          2      31459      10789     130183      22294          4      32892
        301       1119        248          0         32          3        995         67          0        249
      31924       7160      10675          0       5164        797      24073       3807          1       9386
      22651       3574       5254          0       2678        724      19190       2781          0       5486
      18925       1663       4908          0       2745        584      12966       1526          0       4440
      15570       2639       2546          0       1519        626      12262       1640          0       4208
       7463       1211       1470          0        450        330      10826       1897          0       1899
       6914       1040       1368          0        410        190       7823       1005          0       1892
       5824       1150       1490          0        484        203       6533        709          1       1644
      14494       3364       3683          0       1128        622      17952       2076          0       4043

              precision    recall  f1-score   support

           0       0.77      0.56      0.65    762390
           1       0.01      0.37      0.03      3014
           2       0.12      0.11      0.12     92987
           3       0.00      0.00      0.00     62338
           4       0.06      0.06      0.06     47757
           5       0.04      0.02      0.02     41010
           6       0.04      0.42      0.08     25546
           7       0.03      0.05      0.03     20642
           8       0.17      0.00      0.00     18038
           9       0.06      0.09      0.07     47362

    accuracy                           0.41   1121084
   macro avg       0.13      0.17      0.11   1121084
weighted avg       0.55      0.41      0.46   1121084

