     372164     117574      29109      14659      33151      20999      90121      55961        496      28156
         20       2233         56          1         21          0        607         60          1         15
      18519      19936       8105       2009       5154        827      26961       8588         86       2802
      14546      10002       3181       2204       4029        765      15929       9135         80       2467
      12366       8486       2633        459       4850        452       9708       7159         87       1557
      12703       7129       1484        248       2050       1330       8342       5743         61       1920
       3065       4862        270        236        453        361      12987       2361         41        910
       3746       3467        404        225        427        221       8169       3097         42        844
       3722       3408        601        153        465        144       6134       2278         35       1098
       8759       9258       1513        497       1585        896      14998       5891         75       3890

              precision    recall  f1-score   support

           0       0.83      0.49      0.61    762390
           1       0.01      0.74      0.02      3014
           2       0.17      0.09      0.12     92987
           3       0.11      0.04      0.05     62338
           4       0.09      0.10      0.10     47757
           5       0.05      0.03      0.04     41010
           6       0.07      0.51      0.12     25546
           7       0.03      0.15      0.05     20642
           8       0.03      0.00      0.00     18038
           9       0.09      0.08      0.09     47362

    accuracy                           0.37   1121084
   macro avg       0.15      0.22      0.12   1121084
weighted avg       0.60      0.37      0.44   1121084

