     380023     113502      24205      12582      37924      16623      90534      59260       4058      23679
         21       2227         34          2         26          1        630         52          3         18
      18263      20143       7532       2362       5776        430      27126       8074        591       2690
      14183      10427       2929       2816       4475        375      16295       7870        743       2225
      12216       8745       2359        749       5176        260      10033       6261        563       1395
      12870       6171       1282        343       2435       1847       8739       5348        440       1535
       3156       4941        255        295        471        122      13195       2057        215        839
       3826       3408        373        305        468         67       8425       2658        252        860
       3778       3309        566        251        507        148       6127       1937        337       1078
       8992       8606       1374        407       1623       1325      15221       5604        616       3594

              precision    recall  f1-score   support

           0       0.83      0.50      0.62    762390
           1       0.01      0.74      0.02      3014
           2       0.18      0.08      0.11     92987
           3       0.14      0.05      0.07     62338
           4       0.09      0.11      0.10     47757
           5       0.09      0.05      0.06     41010
           6       0.07      0.52      0.12     25546
           7       0.03      0.13      0.04     20642
           8       0.04      0.02      0.03     18038
           9       0.09      0.08      0.08     47362

    accuracy                           0.37   1121084
   macro avg       0.16      0.23      0.13   1121084
weighted avg       0.60      0.37      0.45   1121084

