     382037     123147      27031      14529      37518       5792      92608      59015        360      20353
         26       2265         46         10         24          0        526         97          0         20
      19259      21297       7757       2089       5258        361      25805       8863         46       2252
      15147      10881       3283       2340       3891        250      15556       9359         39       1592
      12741       9097       2956        496       4694        166       9091       7311         49       1156
      12883       7802       1394        330       2003        454       9041       5792         36       1275
       3132       5384        355        227        458         91      12202       2822         27        848
       3852       3803        525        228        426         97       7618       3317         28        748
       3806       3679        689        153        511         94       5816       2463         22        805
       9140       9871       1734        506       1568        236      14641       6609         47       3010

              precision    recall  f1-score   support

           0       0.83      0.50      0.62    762390
           1       0.01      0.75      0.02      3014
           2       0.17      0.08      0.11     92987
           3       0.11      0.04      0.06     62338
           4       0.08      0.10      0.09     47757
           5       0.06      0.01      0.02     41010
           6       0.06      0.48      0.11     25546
           7       0.03      0.16      0.05     20642
           8       0.03      0.00      0.00     18038
           9       0.09      0.06      0.08     47362

    accuracy                           0.37   1121084
   macro avg       0.15      0.22      0.12   1121084
weighted avg       0.59      0.37      0.45   1121084

