     377834     124336      24311       4537      54638      15015      75046      63420       3590      19663
         53       2291         51          7         20          0        402        171         10          9
      21157      23171       7285        436       6552        511      19088      11100        739       2948
      15804      13068       3172        530       4849        338      11351       9907        574       2745
      13021       9554       3276        286       5586        282       6691       6345        522       2194
      12714       8222       1280        307       2624        814       6990       5374        567       2118
       3599       5489        545         39        494        242       9613       4518        243        764
       4283       4091        644        101        442        231       5574       3956        279       1041
       4054       3802        653        181        562        186       4467       2865        321        947
       9377      10268       1666        379       2011        619      11774       8422        361       2485

              precision    recall  f1-score   support

           0       0.82      0.50      0.62    762390
           1       0.01      0.76      0.02      3014
           2       0.17      0.08      0.11     92987
           3       0.08      0.01      0.02     62338
           4       0.07      0.12      0.09     47757
           5       0.04      0.02      0.03     41010
           6       0.06      0.38      0.11     25546
           7       0.03      0.19      0.06     20642
           8       0.04      0.02      0.03     18038
           9       0.07      0.05      0.06     47362

    accuracy                           0.37   1121084
   macro avg       0.14      0.21      0.11   1121084
weighted avg       0.59      0.37      0.44   1121084

