     374087     111714      23661      12686      35760      27853      90998      55786       1844      28001
         18       2218         48          3         28          1        640         36          3         19
      17691      20219       7840       2209       5519        613      27617       8007        321       2951
      13945      10423       3155       2618       4241        553      16553       8006        391       2453
      12280       8657       2454        659       4954        410      10287       6192        318       1546
      12610       6195       1425        304       2240       2449       8627       5137        233       1790
       2950       4915        273        249        483        299      13532       1985        139        721
       3603       3459        401        242        460        181       8596       2705        169        826
       3627       3315        626        171        526        198       6186       2047        163       1179
       8635       8660       1500        352       1554       1801      15140       5388        338       3994

              precision    recall  f1-score   support

           0       0.83      0.49      0.62    762390
           1       0.01      0.74      0.02      3014
           2       0.19      0.08      0.12     92987
           3       0.13      0.04      0.06     62338
           4       0.09      0.10      0.10     47757
           5       0.07      0.06      0.06     41010
           6       0.07      0.53      0.12     25546
           7       0.03      0.13      0.05     20642
           8       0.04      0.01      0.01     18038
           9       0.09      0.08      0.09     47362

    accuracy                           0.37   1121084
   macro avg       0.16      0.23      0.13   1121084
weighted avg       0.60      0.37      0.45   1121084

