     422141     122454      13208        915      36980       1247      15316      69099       1050      79980
        225       2027         47          8         74          1         67        365          6        194
      27161      22870       3912        133       5595        221       1834      17183        591      13487
      19924      11616       1742        134       4274        190        638      11195        282      12343
      16217       8784       1701         89       4782        102        451       6110        278       9243
      14431       7756        630        101       2179        140        877       6140        173       8583
       5551       5414        566         16        675         19       1613       7022         54       4616
       5418       4040        692         36        604         37        811       4368         87       4549
       4956       3844        447         57        698         48        550       3312         89       4037
      11812      10365       1066         82       1964         86       1679       9628        140      10540

              precision    recall  f1-score   support

           0       0.80      0.55      0.65    762390
           1       0.01      0.67      0.02      3014
           2       0.16      0.04      0.07     92987
           3       0.09      0.00      0.00     62338
           4       0.08      0.10      0.09     47757
           5       0.07      0.00      0.01     41010
           6       0.07      0.06      0.07     25546
           7       0.03      0.21      0.06     20642
           8       0.03      0.00      0.01     18038
           9       0.07      0.22      0.11     47362

    accuracy                           0.40   1121084
   macro avg       0.14      0.19      0.11   1121084
weighted avg       0.57      0.40      0.46   1121084

