     372847     120543      30418      14837      32435      18840      95599      55260        778      20833
         20       2234         57          2         18          0        626         47          3          7
      18703      20597       8571       2115       4509        605      27469       7797        202       2419
      14787      10443       3542       2449       3658        518      16364       8621        130       1826
      12497       8885       2993        579       4407        368       9944       6701        154       1229
      12696       7461       1654        357       1810       1102       9066       5271        139       1454
       2992       5036        327        261        418        330      13270       2060         86        766
       3696       3592        463        244        354        252       8524       2705         99        713
       3702       3538        651        227        401        150       6497       2019         60        793
       8871       9578       1702        402       1342        793      16099       5439        103       3033

              precision    recall  f1-score   support

           0       0.83      0.49      0.61    762390
           1       0.01      0.74      0.02      3014
           2       0.17      0.09      0.12     92987
           3       0.11      0.04      0.06     62338
           4       0.09      0.09      0.09     47757
           5       0.05      0.03      0.03     41010
           6       0.07      0.52      0.12     25546
           7       0.03      0.13      0.05     20642
           8       0.03      0.00      0.01     18038
           9       0.09      0.06      0.08     47362

    accuracy                           0.37   1121084
   macro avg       0.15      0.22      0.12   1121084
weighted avg       0.59      0.37      0.44   1121084

