     380760     114420      29145      15275      35307      18629      83321      60038       3980      21515
         19       2207         55          6         22          0        638         48          6         13
      18553      20394       8379       2143       5088        616      26427       8109        738       2540
      14484      10229       3307       2507       4121        603      15399       8119       1221       2348
      12453       8666       2757        568       4785        384       9556       6242        820       1526
      12919       7511       1601        272       1914       1111       8082       5269        611       1720
       3015       4943        328        250        418        323      13149       2122        305        693
       3809       3632        388        251        383        163       8231       2685        358        742
       3782       3516        645        196        388        103       5989       2100        423        896
       8943       9616       1668        382       1378        790      14796       5827        752       3210

              precision    recall  f1-score   support

           0       0.83      0.50      0.62    762390
           1       0.01      0.73      0.02      3014
           2       0.17      0.09      0.12     92987
           3       0.11      0.04      0.06     62338
           4       0.09      0.10      0.09     47757
           5       0.05      0.03      0.03     41010
           6       0.07      0.51      0.12     25546
           7       0.03      0.13      0.04     20642
           8       0.05      0.02      0.03     18038
           9       0.09      0.07      0.08     47362

    accuracy                           0.37   1121084
   macro avg       0.15      0.22      0.12   1121084
weighted avg       0.60      0.37      0.45   1121084

