     375616     125034      23289       5391      50074      17995      84550      45855      15493      19093
         43       2292         41          7         23          1        503         65         24         15
      20075      22963       6583        378       6356        724      22947       7122       3205       2634
      15705      13023       2991        221       4471        437      13023       6381       3168       2918
      12961       9666       3216        120       5252        339       7513       4148       2282       2260
      12409       8111       1332        275       2303        941       7989       4056       1609       1985
       3099       5517        400         33        459        352      11840       2266       1062        518
       3936       4013        497         63        424        303       7086       2240       1405        675
       3819       3734        561        111        519        243       5314       1574       1506        657
       9118      10089       1570        302       1859        715      13812       4715       2892       2290

              precision    recall  f1-score   support

           0       0.82      0.49      0.62    762390
           1       0.01      0.76      0.02      3014
           2       0.16      0.07      0.10     92987
           3       0.03      0.00      0.01     62338
           4       0.07      0.11      0.09     47757
           5       0.04      0.02      0.03     41010
           6       0.07      0.46      0.12     25546
           7       0.03      0.11      0.05     20642
           8       0.05      0.08      0.06     18038
           9       0.07      0.05      0.06     47362

    accuracy                           0.36   1121084
   macro avg       0.14      0.22      0.11   1121084
weighted avg       0.58      0.36      0.44   1121084

