     376127     119835      28106      13412      34336      14688      89566      57148       2658      26514
         19       2217         46          3         31          1        630         56          2          9
      18283      20773       8017       2054       5243        713      26294       7870        484       3256
      14452      10679       3235       2367       4173        527      14675       8485        656       3089
      12239       8967       2667        530       5063        402       9227       6403        419       1840
      12680       7485       1500        257       2152       1003       8100       5380        372       2081
       3043       5044        281        236        493        302      12946       2041        224        936
       3702       3609        420        229        460        237       8128       2633        203       1021
       3711       3452        637        177        501        132       6023       2008        203       1194
       8778       9681       1528        269       1638        640      14695       5712        377       4044

              precision    recall  f1-score   support

           0       0.83      0.49      0.62    762390
           1       0.01      0.74      0.02      3014
           2       0.17      0.09      0.12     92987
           3       0.12      0.04      0.06     62338
           4       0.09      0.11      0.10     47757
           5       0.05      0.02      0.03     41010
           6       0.07      0.51      0.12     25546
           7       0.03      0.13      0.04     20642
           8       0.04      0.01      0.02     18038
           9       0.09      0.09      0.09     47362

    accuracy                           0.37   1121084
   macro avg       0.15      0.22      0.12   1121084
weighted avg       0.60      0.37      0.45   1121084

