     374069     114398      24966      13674      37242      20774      87280      60687       3533      25767
         21       2200         54          5         24          1        650         41          5         13
      17977      19939       7959       2172       5602        605      26568       8738        593       2834
      14104       9894       3113       2574       4695        460      15759       7892        956       2891
      12206       8466       2576        609       5198        382       9977       5885        591       1867
      12736       6199       1571        312       2109       2255       8197       5230        465       1936
       2944       4840        248        263        502        268      13370       2270        222        619
       3622       3376        368        239        464        152       8536       2859        245        781
       3620       3334        564        208        503        192       6153       2100        293       1071
       8664       8599       1493        359       1592       1635      15078       5725        527       3690

              precision    recall  f1-score   support

           0       0.83      0.49      0.62    762390
           1       0.01      0.73      0.02      3014
           2       0.19      0.09      0.12     92987
           3       0.13      0.04      0.06     62338
           4       0.09      0.11      0.10     47757
           5       0.08      0.05      0.07     41010
           6       0.07      0.52      0.12     25546
           7       0.03      0.14      0.05     20642
           8       0.04      0.02      0.02     18038
           9       0.09      0.08      0.08     47362

    accuracy                           0.37   1121084
   macro avg       0.16      0.23      0.13   1121084
weighted avg       0.60      0.37      0.45   1121084

