     371978     115151      26128      11591      38470      19945     105447      52477        956      20247
         19       2245         49          2         27          3        621         27          2         19
      17760      20337       7837       2167       5840        580      29367       6464        217       2418
      14090      10613       3114       2467       4631        414      17966       6871        221       1951
      12042       8978       2480        637       5369        326      10961       5434        174       1356
      12553       6394       1422        288       2426       2124       9446       4694        161       1502
       2999       4939        275        282        509        197      14134       1336         75        800
       3668       3446        414        253        461        137       9321       2056         98        788
       3635       3337        580        232        528        187       7014       1608         80        837
       8730       8672       1477        281       1700       1515      17097       4623        183       3084

              precision    recall  f1-score   support

           0       0.83      0.49      0.61    762390
           1       0.01      0.74      0.02      3014
           2       0.18      0.08      0.11     92987
           3       0.14      0.04      0.06     62338
           4       0.09      0.11      0.10     47757
           5       0.08      0.05      0.06     41010
           6       0.06      0.55      0.11     25546
           7       0.02      0.10      0.04     20642
           8       0.04      0.00      0.01     18038
           9       0.09      0.07      0.08     47362

    accuracy                           0.37   1121084
   macro avg       0.15      0.22      0.12   1121084
weighted avg       0.60      0.37      0.44   1121084

