     376635     118130      27411      13692      33720      20300      87135      58845       2570      23952
         23       2246         51          2         17          2        585         69          3         16
      18316      21053       8118       1964       4554       1246      26135       8539        415       2647
      14604      10709       3210       2359       3665        764      14927       9197        537       2366
      12537       8836       2753        507       4422        488       9377       7036        366       1435
      12613       7557       1564        204       1811       1369       8245       5728        300       1619
       2946       5063        303        230        402        468      12757       2391        221        765
       3632       3665        375        228        365        441       7810       3111        230        785
       3651       3573        587        153        379        284       5844       2288        248       1031
       8772       9775       1531        374       1386        927      14366       6260        423       3548

              precision    recall  f1-score   support

           0       0.83      0.49      0.62    762390
           1       0.01      0.75      0.02      3014
           2       0.18      0.09      0.12     92987
           3       0.12      0.04      0.06     62338
           4       0.09      0.09      0.09     47757
           5       0.05      0.03      0.04     41010
           6       0.07      0.50      0.12     25546
           7       0.03      0.15      0.05     20642
           8       0.05      0.01      0.02     18038
           9       0.09      0.07      0.08     47362

    accuracy                           0.37   1121084
   macro avg       0.15      0.22      0.12   1121084
weighted avg       0.60      0.37      0.45   1121084

