     395446     126363      33317       8658      31804       5414      77066      66568        819      16935
         36       2260         57          4         16          1        528         98          1         13
      20086      22558       9054        691       4265        254      24155       9885        155       1884
      15591      12580       3944        594       3228        256      14142      10501        134       1368
      13245       9206       3633        335       3970        158       8246       7874        113        977
      13401       7500       2041        485       1756        330       7725       6549        118       1105
       3480       5459        448         85        328         60      11761       3125         88        712
       4164       3894        636        114        270         41       7328       3563         89        543
       3987       3651        833        217        373         33       5835       2445         50        614
       9803       9982       2021        463       1123        297      14110       6929        123       2511

              precision    recall  f1-score   support

           0       0.83      0.52      0.64    762390
           1       0.01      0.75      0.02      3014
           2       0.16      0.10      0.12     92987
           3       0.05      0.01      0.02     62338
           4       0.08      0.08      0.08     47757
           5       0.05      0.01      0.01     41010
           6       0.07      0.46      0.12     25546
           7       0.03      0.17      0.05     20642
           8       0.03      0.00      0.01     18038
           9       0.09      0.05      0.07     47362

    accuracy                           0.38   1121084
   macro avg       0.14      0.22      0.11   1121084
weighted avg       0.59      0.38      0.45   1121084

