     409452     117054      18288       9555      46637      15725      72250      58884        469      14076
        132       2107         91         15         27          2        539         96          0          5
      23568      22143       6383        994       5738        318      21993      10677        133       1040
      17633      11770       3239        833       4173        280      14510       9032         47        821
      14850       8635       3065        542       4907        242       8212       6867         47        390
      13761       7608       1005        525       2419        693       7839       6330         41        789
       4371       5194        584        153        582        397       9885       4083         11        286
       4773       3928        624        187        568        188       7076       2986          6        306
       4388       3702        691        223        592        136       5970       2091         13        232
      10339       9861       1641        485       1885        474      15444       6291         22        920

              precision    recall  f1-score   support

           0       0.81      0.54      0.65    762390
           1       0.01      0.70      0.02      3014
           2       0.18      0.07      0.10     92987
           3       0.06      0.01      0.02     62338
           4       0.07      0.10      0.09     47757
           5       0.04      0.02      0.02     41010
           6       0.06      0.39      0.10     25546
           7       0.03      0.14      0.05     20642
           8       0.02      0.00      0.00     18038
           9       0.05      0.02      0.03     47362

    accuracy                           0.39   1121084
   macro avg       0.13      0.20      0.11   1121084
weighted avg       0.58      0.39      0.46   1121084

