     381607     118157      29111      13410      32912      17184      87012      56473        840      25684
         26       2248         58          2         21          0        568         69          3         19
      19410      21000       8001       1958       4739        566      25901       8271        217       2924
      15189      10893       3389       2081       3655        582      14935       8911        132       2571
      12875       9134       2812        411       4457        322       9006       7082        119       1539
      13099       6732       1520        269       1873       1813       8416       5432        105       1751
       3172       5164        350        203        401        211      12554       2511         69        911
       3913       3671        494        183        381        119       7859       3147         50        825
       3844       3501        698         99        411        166       5798       2454         50       1017
       9127       9042       1676        271       1465       1306      14509       6159        119       3688

              precision    recall  f1-score   support

           0       0.83      0.50      0.62    762390
           1       0.01      0.75      0.02      3014
           2       0.17      0.09      0.11     92987
           3       0.11      0.03      0.05     62338
           4       0.09      0.09      0.09     47757
           5       0.08      0.04      0.06     41010
           6       0.07      0.49      0.12     25546
           7       0.03      0.15      0.05     20642
           8       0.03      0.00      0.01     18038
           9       0.09      0.08      0.08     47362

    accuracy                           0.37   1121084
   macro avg       0.15      0.22      0.12   1121084
weighted avg       0.59      0.37      0.45   1121084

