     383887     116023      28927      14868      36300      12989      83135      59998        470      25793
         24       2232         54          4         19          0        617         46          0         18
      18377      20291       8643       2097       5213        676      26525       8260         93       2812
      14593      10425       3572       2319       4174        548      15632       8748         80       2247
      12494       8847       2906        460       4895        356       9517       6666         92       1524
      12872       7527       1698        211       1974       1115       8327       5503         65       1718
       3038       4977        349        228        501        221      13023       2172         31       1006
       3752       3568        482        202        445        173       8137       2888         42        953
       3736       3546        720        150        477        136       5971       2184         24       1094
       8935       9686       1780        391       1515        661      14600       6013         71       3710

              precision    recall  f1-score   support

           0       0.83      0.50      0.63    762390
           1       0.01      0.74      0.02      3014
           2       0.18      0.09      0.12     92987
           3       0.11      0.04      0.06     62338
           4       0.09      0.10      0.09     47757
           5       0.07      0.03      0.04     41010
           6       0.07      0.51      0.12     25546
           7       0.03      0.14      0.05     20642
           8       0.02      0.00      0.00     18038
           9       0.09      0.08      0.08     47362

    accuracy                           0.38   1121084
   macro avg       0.15      0.22      0.12   1121084
weighted avg       0.60      0.38      0.45   1121084

