     370384     112177      26223      11465      37000      23617      87349      60680       1819      31676
         18       2219         48          1         26          1        633         40          7         21
      17869      19247       8426       2008       5816        603      26812       8569        338       3299
      13872       9505       3291       2445       4781        547      15692       8483        445       3277
      12101       8120       2563        464       5437        389       9791       6770        364       1758
      12690       6123       1515        198       2165       2298       7875       5655        233       2258
       2991       4757        318        238        469        268      13407       2231        188        679
       3647       3300        457        212        443        158       8363       3054        195        813
       3663       3221        696        123        480        178       5941       2226        154       1356
       8626       8448       1616        288       1588       1662      14561       5716        292       4565

              precision    recall  f1-score   support

           0       0.83      0.49      0.61    762390
           1       0.01      0.74      0.02      3014
           2       0.19      0.09      0.12     92987
           3       0.14      0.04      0.06     62338
           4       0.09      0.11      0.10     47757
           5       0.08      0.06      0.06     41010
           6       0.07      0.52      0.12     25546
           7       0.03      0.15      0.05     20642
           8       0.04      0.01      0.01     18038
           9       0.09      0.10      0.09     47362

    accuracy                           0.37   1121084
   macro avg       0.16      0.23      0.13   1121084
weighted avg       0.60      0.37      0.45   1121084

