     378663     114779      26512      13495      37337      20220      83630      65297       2000      20457
         25       2220         55          1         18          2        602         68          9         14
      18202      20385       8032       2260       5572        479      26237       9200        371       2249
      14349      10424       3134       2578       4476        446      16040       8589        450       1852
      12200       8754       2580        580       5185        329       9907       6713        279       1230
      12814       6274       1477        351       2240       2072       8229       5835        343       1375
       3058       4992        302        272        449        234      12795       2646        150        648
       3737       3554        423        270        448        109       8004       3353        130        614
       3717       3387        665        209        458        152       5912       2664        124        750
       8816       8705       1530        384       1549       1538      14538       7049        364       2889

              precision    recall  f1-score   support

           0       0.83      0.50      0.62    762390
           1       0.01      0.74      0.02      3014
           2       0.18      0.09      0.12     92987
           3       0.13      0.04      0.06     62338
           4       0.09      0.11      0.10     47757
           5       0.08      0.05      0.06     41010
           6       0.07      0.50      0.12     25546
           7       0.03      0.16      0.05     20642
           8       0.03      0.01      0.01     18038
           9       0.09      0.06      0.07     47362

    accuracy                           0.37   1121084
   macro avg       0.15      0.23      0.12   1121084
weighted avg       0.60      0.37      0.45   1121084

