     410134     125847      12959       6602      48955       4946     111956      19705         91      21195
        134       2132         73          6         32          1        565         19          0         52
      22442      24509       5395        539       6039        180      28421       3340         25       2097
      16927      13213       2991        305       4106        225      20319       2511          5       1736
      14632       9819       2747        216       4723        125      12001       2265          3       1226
      13794       8340        895        301       2415        268      11647       1913          2       1435
       4039       5363        433         64        621        116      12538       1342          0       1030
       4540       4251        523         86        620         53       8932       1027          2        608
       4269       3965        582        110        612         57       7279        635          1        528
      10051      10453       1461        317       1790        185      19429       1703          8       1965

              precision    recall  f1-score   support

           0       0.82      0.54      0.65    762390
           1       0.01      0.71      0.02      3014
           2       0.19      0.06      0.09     92987
           3       0.04      0.00      0.01     62338
           4       0.07      0.10      0.08     47757
           5       0.04      0.01      0.01     41010
           6       0.05      0.49      0.10     25546
           7       0.03      0.05      0.04     20642
           8       0.01      0.00      0.00     18038
           9       0.06      0.04      0.05     47362

    accuracy                           0.39   1121084
   macro avg       0.13      0.20      0.10   1121084
weighted avg       0.58      0.39      0.46   1121084

