     384432     114216      21909      12368      38649      15380      85877      58301       1034      30224
         24       2225         48          2         24          1        619         47          6         18
      18175      20351       7090       2163       6169        500      26636       8721        221       2961
      14162      10256       2709       2565       4905        530      15785       8512        262       2652
      12236       8581       2060        630       5665        298       9865       6684        218       1520
      13019       6309       1187        307       2549       1899       7910       5737        144       1949
       3161       4987        241        273        458        153      13204       2150        139        780
       3799       3529        386        257        439         80       8256       2920        108        868
       3756       3306        568        207        530        131       6063       2140         83       1254
       9060       8702       1316        390       1683       1374      14807       5611        172       4247

              precision    recall  f1-score   support

           0       0.83      0.50      0.63    762390
           1       0.01      0.74      0.02      3014
           2       0.19      0.08      0.11     92987
           3       0.13      0.04      0.06     62338
           4       0.09      0.12      0.10     47757
           5       0.09      0.05      0.06     41010
           6       0.07      0.52      0.12     25546
           7       0.03      0.14      0.05     20642
           8       0.03      0.00      0.01     18038
           9       0.09      0.09      0.09     47362

    accuracy                           0.38   1121084
   macro avg       0.16      0.23      0.13   1121084
weighted avg       0.60      0.38      0.45   1121084

