     373651     114637      27350      12071      34024      26123      85403      63020       1482      24629
         20       2216         42          1         22          3        628         70          4          8
      18310      20577       7762       2072       4902        685      26708       9025        342       2604
      14259      10297       3048       2226       4272        640      15413       9503        395       2285
      12247       8830       2524        491       4792        426       9465       7218        274       1490
      12684       6481       1491        245       1874       2393       8162       5817        199       1664
       2929       5034        266        228        413        384      12888       2536        148        720
       3657       3584        359        229        367        219       8140       3185        161        741
       3661       3450        550        164        405        221       5985       2493        112        997
       8715       8898       1501        342       1379       1783      14468       6408        255       3613

              precision    recall  f1-score   support

           0       0.83      0.49      0.62    762390
           1       0.01      0.74      0.02      3014
           2       0.17      0.08      0.11     92987
           3       0.12      0.04      0.06     62338
           4       0.09      0.10      0.10     47757
           5       0.07      0.06      0.06     41010
           6       0.07      0.50      0.12     25546
           7       0.03      0.15      0.05     20642
           8       0.03      0.01      0.01     18038
           9       0.09      0.08      0.08     47362

    accuracy                           0.37   1121084
   macro avg       0.15      0.22      0.12   1121084
weighted avg       0.60      0.37      0.45   1121084

