        109          0          1          0          1          0
        103       1274        489        123        294         97
         81        424       1507         98        192         98
       2772      11242      14074      19489       8646       8648
        308        156        117        177       3152        831
        251        886       1136       1021       1531       4740

                precision    recall  f1-score   support

       seizure       0.03      0.98      0.06       111
 pre-ictal-10m       0.09      0.54      0.16      2380
 pre-ictal-20m       0.09      0.63      0.15      2400
    interictal       0.93      0.30      0.45     64871
post-ictal-20m       0.23      0.66      0.34      4741
post-ictal-60m       0.33      0.50      0.40      9565

      accuracy                           0.36     84068
     macro avg       0.28      0.60      0.26     84068
  weighted avg       0.77      0.36      0.42     84068

