        109          0          2          0          0          0
         68       1240        551        161        278         82
         58        496       1468        138        171         69
       1951      12571      14326      20728       7360       7935
        269        228        183        334       2839        888
        187       1044       1381       1223       1249       4481

                precision    recall  f1-score   support

       seizure       0.04      0.98      0.08       111
 pre-ictal-10m       0.08      0.52      0.14      2380
 pre-ictal-20m       0.08      0.61      0.14      2400
    interictal       0.92      0.32      0.47     64871
post-ictal-20m       0.24      0.60      0.34      4741
post-ictal-60m       0.33      0.47      0.39      9565

      accuracy                           0.37     84068
     macro avg       0.28      0.58      0.26     84068
  weighted avg       0.76      0.37      0.44     84068

