         86          0          0          2         12          4
          2        195        151        235        177        132
          1         90        316        320         91         82
         11        301       1420      32825       1226       2787
          1          5          8         44       1241        247
          0         10         19        125        364       1880

              precision    recall  f1-score   support

           0       0.85      0.83      0.84       104
           1       0.32      0.22      0.26       892
           2       0.17      0.35      0.22       900
           3       0.98      0.85      0.91     38570
           4       0.40      0.80      0.53      1546
           5       0.37      0.78      0.50      2398

    accuracy                           0.82     44410
   macro avg       0.51      0.64      0.54     44410
weighted avg       0.90      0.82      0.85     44410

