     330509     181391      29323       8323      48242       7093      34895      28183         21      94410
         27       2261        240         12         26          0        114        148          0        186
      14890      30763       8486        842       4474        159       7838       8206          4      17325
      11899      17323       5293        928       2887        112       4554       4081          3      15258
      10292      14205       4501        442       3066        140       3474       1773          4       9860
      11227      11000       1596        358       2063        397       2517       2255          3       9594
       2671       7382       1538        150        325        119       4863       2790          2       5706
       3086       5363       1342        330        273         58       2751       2026          2       5411
       2992       5063       1157        340        273         41       1730       1466          0       4976
       7338      13429       2795        546       1187        268       4001       4156          2      13640

              precision    recall  f1-score   support

           0       0.84      0.43      0.57    762390
           1       0.01      0.75      0.02      3014
           2       0.15      0.09      0.11     92987
           3       0.08      0.01      0.02     62338
           4       0.05      0.06      0.06     47757
           5       0.05      0.01      0.02     41010
           6       0.07      0.19      0.11     25546
           7       0.04      0.10      0.05     20642
           8       0.00      0.00      0.00     18038
           9       0.08      0.29      0.12     47362

    accuracy                           0.33   1121084
   macro avg       0.14      0.19      0.11   1121084
weighted avg       0.60      0.33      0.41   1121084

