     299289     145945      21448      30530      39701      22378     101103      58265        143      43588
         11       2245         56          7         28          0        480        179          1          7
      13299      22594       7282       3265       5132       1382      25010      10214         25       4784
      10554      11579       2607       4778       4458        630      15183       8591         17       3941
       9322       9919       2068       2258       5084        433       9995       6215         17       2446
       9642       7152       1224       2395       2679       1655       7874       5590          5       2794
       2220       5898        290        340        362        344      11703       2912         25       1452
       2820       4248        433        473        327        373       6926       3334         30       1678
       2782       3961        627        454        329        211       5428       2424         20       1802
       6717       9929       1607       1819       1007        657      13492       6985          7       5142

              precision    recall  f1-score   support

           0       0.84      0.39      0.53    762390
           1       0.01      0.74      0.02      3014
           2       0.19      0.08      0.11     92987
           3       0.10      0.08      0.09     62338
           4       0.09      0.11      0.10     47757
           5       0.06      0.04      0.05     41010
           6       0.06      0.46      0.11     25546
           7       0.03      0.16      0.05     20642
           8       0.07      0.00      0.00     18038
           9       0.08      0.11      0.09     47362

    accuracy                           0.30   1121084
   macro avg       0.15      0.22      0.11   1121084
weighted avg       0.60      0.30      0.39   1121084

