     315410     132680      25943      15456      58334      15445      93589      47293        124      58116
         17       2187         67         20         25          1        487        175          1         34
      15147      22078       7332       1473       6516        780      23558       8558         19       7526
      12758      11044       2976       1781       4501        212      14629       6474         26       7937
       9657       9667       2655        939       4507        205      10007       4615         43       5462
      11076       6928       1211        833       2920       1216       7226       4134         16       5450
       2546       5791        517        121        448        265      10878       2741         16       2223
       3005       4092        755        359        430        287       6284       2824         24       2582
       2940       3845        787        532        479        175       4786       1807          8       2679
       7780       9527       1967       1030       1378        351      12667       5083         12       7567

              precision    recall  f1-score   support

           0       0.83      0.41      0.55    762390
           1       0.01      0.73      0.02      3014
           2       0.17      0.08      0.11     92987
           3       0.08      0.03      0.04     62338
           4       0.06      0.09      0.07     47757
           5       0.06      0.03      0.04     41010
           6       0.06      0.43      0.10     25546
           7       0.03      0.14      0.05     20642
           8       0.03      0.00      0.00     18038
           9       0.08      0.16      0.10     47362

    accuracy                           0.32   1121084
   macro avg       0.14      0.21      0.11   1121084
weighted avg       0.59      0.32      0.40   1121084

