     318215     141412      28587      10814      56292      17397      84849      61266        302      43256
         19       2215         65         10         50          1        452        192          0         10
      15202      23362       7500       1070       6696       1416      21893      10332         93       5423
      12863      11775       3217       1157       5283        384      14025       8521         60       5053
       9673      10378       2689        435       5958        249       8624       6391         67       3293
      10916       7367       1444        443       3306       1387       7342       5290         73       3442
       2577       5865        626         67        496        323      10859       3053         28       1652
       3080       4281        803        254        529        415       5990       3343         39       1908
       2972       3971        997        248        520        292       4446       2540         40       2012
       7765       9840       2254        626       1559        501      11933       7172         57       5655

              precision    recall  f1-score   support

           0       0.83      0.42      0.56    762390
           1       0.01      0.73      0.02      3014
           2       0.16      0.08      0.11     92987
           3       0.08      0.02      0.03     62338
           4       0.07      0.12      0.09     47757
           5       0.06      0.03      0.04     41010
           6       0.06      0.43      0.11     25546
           7       0.03      0.16      0.05     20642
           8       0.05      0.00      0.00     18038
           9       0.08      0.12      0.09     47362

    accuracy                           0.32   1121084
   macro avg       0.14      0.21      0.11   1121084
weighted avg       0.59      0.32      0.40   1121084

