     302842     135738      15945      32979      38435      22560     115197      53265       4072      41357
          7       2206         51          5          8          1        629         94          0         13
      12577      21717       7142       3517       5214       1359      27435       8998        604       4424
       9487      11137       2252       5773       4338        655      17005       7548        820       3323
       8846       9800       1528       2990       4705        435      11230       5792        526       1905
       9563       7041       1032       2760       2404       1761       8700       5264        443       2042
       2167       5309        199        341        341        307      13104       2433        211       1134
       2874       3813        312        436        330        354       7743       3038        331       1411
       2798       3649        497        448        259        245       5828       2263        410       1641
       6715       9180       1204       1874        849        849      15007       6089        546       5049

              precision    recall  f1-score   support

           0       0.85      0.40      0.54    762390
           1       0.01      0.73      0.02      3014
           2       0.24      0.08      0.12     92987
           3       0.11      0.09      0.10     62338
           4       0.08      0.10      0.09     47757
           5       0.06      0.04      0.05     41010
           6       0.06      0.51      0.11     25546
           7       0.03      0.15      0.05     20642
           8       0.05      0.02      0.03     18038
           9       0.08      0.11      0.09     47362

    accuracy                           0.31   1121084
   macro avg       0.16      0.22      0.12   1121084
weighted avg       0.61      0.31      0.40   1121084

