     371206     211923          0          0          0       8697      83419      39108          0      48037
        229       2106          0          0          0          3        440         80          0        156
      23044      36248          0          0          0        704      19002       7825          0       6164
      18140      18779          0          0          0        623      12816       5591          0       6389
      15326      15694          0          0          0        556       7624       3005          0       5552
      13513      11206          0          0          0        483       7511       3344          0       4953
       5481       6957          0          0          0        259       6996       3508          0       2345
       5232       5263          0          0          0        183       6083       2032          0       1849
       4483       5214          0          0          0        133       5301       1299          0       1608
      10762      13590          0          0          0        436      14334       4148          0       4092

              precision    recall  f1-score   support

           0       0.79      0.49      0.60    762390
           1       0.01      0.70      0.01      3014
           2       0.00      0.00      0.00     92987
           3       0.00      0.00      0.00     62338
           4       0.00      0.00      0.00     47757
           5       0.04      0.01      0.02     41010
           6       0.04      0.27      0.07     25546
           7       0.03      0.10      0.04     20642
           8       0.00      0.00      0.00     18038
           9       0.05      0.09      0.06     47362

    accuracy                           0.35   1121084
   macro avg       0.10      0.17      0.08   1121084
weighted avg       0.55      0.35      0.42   1121084

