       5473          0          0          0          0          0          0          0          0          0
         84          0          0          0          0          0          0          0          0          0
       2966          0          9          0          0          0          0          0          0          0
          0          0          0          0          0          0          0          0          0          0
          0          0          0          0          0          0          0          0          0          0
          0          0          0          0          0          0          0          0          0          0
       1213          0          0          0          0          0          0          0          0          0
       1195          0          0          0          0          0          0          0          0          0
       1037          0          1          0          0          0          0          0          0          0
       1874          0          0          0          0          0          0          0          0          0

              precision    recall  f1-score   support

           0       0.40      1.00      0.57      5473
           1       0.00      0.00      0.00        84
           2       0.90      0.00      0.01      2975
           6       0.00      0.00      0.00      1213
           7       0.00      0.00      0.00      1195
           8       0.00      0.00      0.00      1038
           9       0.00      0.00      0.00      1874

    accuracy                           0.40     13852
   macro avg       0.19      0.14      0.08     13852
weighted avg       0.35      0.40      0.23     13852



running time in seconds: 0.993

