       5473          0          0          0          0          0          0          0          0          0
         71          0          8          0          0          0          5          0          0          0
       1506          0       1469          0          0          0          0          0          0          0
          0          0          0          0          0          0          0          0          0          0
          0          0          0          0          0          0          0          0          0          0
          0          0          0          0          0          0          0          0          0          0
        989          0         83          0          0          0        131          0          0         10
       1082          0         36          0          0          0          2         50          0         25
        954          0         14          0          0          0          0          0         60         10
       1545          0        130          0          0          0          0          0          0        199

              precision    recall  f1-score   support

           0       0.47      1.00      0.64      5473
           1       0.00      0.00      0.00        84
           2       0.84      0.49      0.62      2975
           6       0.95      0.11      0.19      1213
           7       1.00      0.04      0.08      1195
           8       1.00      0.06      0.11      1038
           9       0.82      0.11      0.19      1874

    accuracy                           0.53     13852
   macro avg       0.73      0.26      0.26     13852
weighted avg       0.72      0.53      0.44     13852



running time in seconds: 1.360

