       5473          0          0          0          0          0          0          0          0          0
         77          0          6          0          0          0          1          0          0          0
       1763          0       1212          0          0          0          0          0          0          0
          0          0          0          0          0          0          0          0          0          0
          0          0          0          0          0          0          0          0          0          0
          0          0          0          0          0          0          0          0          0          0
       1125          0         62          0          0          0         26          0          0          0
       1176          0         14          0          0          0          0          4          0          1
       1019          0         14          0          0          0          0          0          5          0
       1731          0        132          0          0          0          0          0          0         11

              precision    recall  f1-score   support

           0       0.44      1.00      0.61      5473
           1       0.00      0.00      0.00        84
           2       0.84      0.41      0.55      2975
           6       0.96      0.02      0.04      1213
           7       1.00      0.00      0.01      1195
           8       1.00      0.00      0.01      1038
           9       0.92      0.01      0.01      1874

    accuracy                           0.49     13852
   macro avg       0.74      0.21      0.18     13852
weighted avg       0.73      0.49      0.37     13852



running time in seconds: 0.116

