       5473          0          0          0          0          0          0          0          0          0
         76          0          8          0          0          0          0          0          0          0
       1764          0       1211          0          0          0          0          0          0          0
          0          0          0          0          0          0          0          0          0          0
          0          0          0          0          0          0          0          0          0          0
          0          0          0          0          0          0          0          0          0          0
       1155          0         42          0          0          0         16          0          0          0
       1186          0          8          0          0          0          0          1          0          0
       1022          0         10          0          0          0          0          0          6          0
       1771          0        103          0          0          0          0          0          0          0

              precision    recall  f1-score   support

           0       0.44      1.00      0.61      5473
           1       0.00      0.00      0.00        84
           2       0.88      0.41      0.56      2975
           6       1.00      0.01      0.03      1213
           7       1.00      0.00      0.00      1195
           8       1.00      0.01      0.01      1038
           9       0.00      0.00      0.00      1874

    accuracy                           0.48     13852
   macro avg       0.62      0.20      0.17     13852
weighted avg       0.61      0.48      0.36     13852



running time in seconds: 2.357

