       5471          0          0          0          0          0          0          0          0          2
         61          6         10          0          0          0          7          0          0          0
       1039          0       1936          0          0          0          0          0          0          0
          0          0          0          0          0          0          0          0          0          0
          0          0          0          0          0          0          0          0          0          0
          0          0          0          0          0          0          0          0          0          0
        779          0         78          0          0          0        310          0          0         46
        706          0         72          0          0          0          0        251          0        166
        757          0         21          0          0          0          0          1        154        105
       1203          0         60          0          0          0          0          0          0        611

              precision    recall  f1-score   support

           0       0.55      1.00      0.71      5473
           1       1.00      0.07      0.13        84
           2       0.89      0.65      0.75      2975
           6       0.98      0.26      0.41      1213
           7       1.00      0.21      0.35      1195
           8       1.00      0.15      0.26      1038
           9       0.66      0.33      0.44      1874

    accuracy                           0.63     13852
   macro avg       0.87      0.38      0.43     13852
weighted avg       0.75      0.63      0.59     13852



running time in seconds: 3.372

