       5460          0          8          0          0          0          0          0          0          5
         35         27         15          0          0          0          7          0          0          0
        323          0       2652          0          0          0          0          0          0          0
          0          0          0          0          0          0          0          0          0          0
          0          0          0          0          0          0          0          0          0          0
          0          0          0          0          0          0          0          0          0          0
        423          0        198          0          0          0        570         22          0          0
        324          0        198          0          0          0          0        612          0         61
        355          0         60          0          0          0          0         16        496        111
        628          0        105          0          0          0          0          0          0       1141

              precision    recall  f1-score   support

           0       0.72      1.00      0.84      5473
           1       1.00      0.32      0.49        84
           2       0.82      0.89      0.85      2975
           6       0.99      0.47      0.64      1213
           7       0.94      0.51      0.66      1195
           8       1.00      0.48      0.65      1038
           9       0.87      0.61      0.71      1874

    accuracy                           0.79     13852
   macro avg       0.91      0.61      0.69     13852
weighted avg       0.83      0.79      0.78     13852



running time in seconds: 1.680

