       5471          0          0          0          0          0          0          0          0          2
         62          7          9          0          0          0          6          0          0          0
       1007          0       1968          0          0          0          0          0          0          0
          0          0          0          0          0          0          0          0          0          0
          0          0          0          0          0          0          0          0          0          0
          0          0          0          0          0          0          0          0          0          0
        780          0         71          0          0          0        315          3          0         44
        725          0         66          0          0          0          2        257          0        145
        759          0         23          0          0          0          0          0        172         84
       1226          0         68          0          0          0          0          0          0        580

              precision    recall  f1-score   support

           0       0.55      1.00      0.71      5473
           1       1.00      0.08      0.15        84
           2       0.89      0.66      0.76      2975
           6       0.98      0.26      0.41      1213
           7       0.99      0.22      0.35      1195
           8       1.00      0.17      0.28      1038
           9       0.68      0.31      0.43      1874

    accuracy                           0.63     13852
   macro avg       0.87      0.38      0.44     13852
weighted avg       0.75      0.63      0.59     13852



running time in seconds: 0.904

