       5287          0          0          0          0          0          0          0          0        186
         68          0          9          0          0          0          7          0          0          0
       1750          0       1206          0          0          0          0          0          0         19
          0          0          0          0          0          0          0          0          0          0
          0          0          0          0          0          0          0          0          0          0
          0          0          0          0          0          0          0          0          0          0
        875          0        105          0          0          0         94         32          0        107
        719          0         48          0          0          0          6        146          0        276
        661          0         24          0          0          0          0         52          0        301
        971          0        125          0          0          0          9         13          0        756

              precision    recall  f1-score   support

           0       0.51      0.97      0.67      5473
           1       0.00      0.00      0.00        84
           2       0.79      0.41      0.54      2975
           6       0.81      0.08      0.14      1213
           7       0.60      0.12      0.20      1195
           8       0.00      0.00      0.00      1038
           9       0.46      0.40      0.43      1874

    accuracy                           0.54     13852
   macro avg       0.45      0.28      0.28     13852
weighted avg       0.56      0.54      0.47     13852



running time in seconds: 1.404

