       5473          0          0          0          0          0          0          0          0          0
         77          0          7          0          0          0          0          0          0          0
       1764          0       1211          0          0          0          0          0          0          0
          0          0          0          0          0          0          0          0          0          0
          0          0          0          0          0          0          0          0          0          0
          0          0          0          0          0          0          0          0          0          0
       1167          0         39          0          0          0          7          0          0          0
       1185          0         10          0          0          0          0          0          0          0
       1023          0         10          0          0          0          0          0          5          0
       1777          0         96          0          0          0          0          0          0          1

              precision    recall  f1-score   support

           0       0.44      1.00      0.61      5473
           1       0.00      0.00      0.00        84
           2       0.88      0.41      0.56      2975
           6       1.00      0.01      0.01      1213
           7       0.00      0.00      0.00      1195
           8       1.00      0.00      0.01      1038
           9       1.00      0.00      0.00      1874

    accuracy                           0.48     13852
   macro avg       0.62      0.20      0.17     13852
weighted avg       0.66      0.48      0.36     13852



running time in seconds: 1.805

