          0          0          0          0          0          0          0          0          0          0
          0        113        199          0          0          0         12          0          0          0
          0          0       6747         20         51          0         10          0          0        104
          0          0       2340       1182        275          0          0          0          0          2
          0          0       1915         31       1178          0          0          0          0          1
          0          0        411          6        121          0          0          0          0          5
          0          0       1955         26          0          0       1472         40          0          4
          0          0       1306         13          1          0        617        307          0         16
          0          0       1148         33         53          0         50         43         30        439
          0          0       2108         17        288          0          0          0          0       1362

              precision    recall  f1-score   support

           1       1.00      0.35      0.52       324
           2       0.37      0.97      0.54      6932
           3       0.89      0.31      0.46      3799
           4       0.60      0.38      0.46      3125
           5       0.00      0.00      0.00       543
           6       0.68      0.42      0.52      3497
           7       0.79      0.14      0.23      2260
           8       1.00      0.02      0.03      1796
           9       0.70      0.36      0.48      3775

    accuracy                           0.48     26051
   macro avg       0.67      0.33      0.36     26051
weighted avg       0.64      0.48      0.43     26051



running time in seconds: 3.885

