          0          0          0          0          0          0          0          0          0          0
          0        231         78          0          0          0         15          0          0          0
          0          0       6666         28        130          0         23          0          0         85
          0          0        217       3239        343          0          0          0          0          0
          0          0         85         35       3005          0          0          0          0          0
          0          0         89         13        294        147          0          0          0          0
          0          0        653         22         11          0       2793         12          0          6
          0          0        637         11         34          0        554        979          7         38
          0          0        596         51        149          0         71         27        728        174
          0          0        480         33        412          0          0          0          0       2850

              precision    recall  f1-score   support

           1       1.00      0.71      0.83       324
           2       0.70      0.96      0.81      6932
           3       0.94      0.85      0.90      3799
           4       0.69      0.96      0.80      3125
           5       1.00      0.27      0.43       543
           6       0.81      0.80      0.80      3497
           7       0.96      0.43      0.60      2260
           8       0.99      0.41      0.58      1796
           9       0.90      0.75      0.82      3775

    accuracy                           0.79     26051
   macro avg       0.89      0.68      0.73     26051
weighted avg       0.83      0.79      0.78     26051



running time in seconds: 5.309

