          0          0          0          0          0          0          0          0          0          0
          0        204         94          5          1          0         19          1          0          0
          0          0       5808        191        679          0        150          0          0        104
          0          0        160       2687        945          0          0          0          0          7
          0          0         28        160       2937          0          0          0          0          0
          0          0          9         47        402         82          0          0          0          3
          0          0        644        143         82          0       2611         13          0          4
          0          0        435         72        131          0        539        994         20         69
          0          0        219        200        238          0         89         39        755        256
          0          0        401        133        566          0         16          0          0       2659

              precision    recall  f1-score   support

           1       1.00      0.63      0.77       324
           2       0.74      0.84      0.79      6932
           3       0.74      0.71      0.72      3799
           4       0.49      0.94      0.65      3125
           5       1.00      0.15      0.26       543
           6       0.76      0.75      0.75      3497
           7       0.95      0.44      0.60      2260
           8       0.97      0.42      0.59      1796
           9       0.86      0.70      0.77      3775

    accuracy                           0.72     26051
   macro avg       0.84      0.62      0.66     26051
weighted avg       0.77      0.72      0.71     26051



running time in seconds: 0.979

