          0          0          0          0          0          0          0          0          0          0
          0          0        324          0          0          0          0          0          0          0
          0          0       6909          0          0          0          0          0          0         23
          0          0       3799          0          0          0          0          0          0          0
          0          0       3125          0          0          0          0          0          0          0
          0          0        543          0          0          0          0          0          0          0
          0          0       3405          0          0          0         50         42          0          0
          0          0       2017          0          0          0          3        240          0          0
          0          0       1648          0          0          0          1         36          0        111
          0          0       3243          0          0          0          0          0          0        532

              precision    recall  f1-score   support

           1       0.00      0.00      0.00       324
           2       0.28      1.00      0.43      6932
           3       0.00      0.00      0.00      3799
           4       0.00      0.00      0.00      3125
           5       0.00      0.00      0.00       543
           6       0.93      0.01      0.03      3497
           7       0.75      0.11      0.19      2260
           8       0.00      0.00      0.00      1796
           9       0.80      0.14      0.24      3775

    accuracy                           0.30     26051
   macro avg       0.31      0.14      0.10     26051
weighted avg       0.38      0.30      0.17     26051



running time in seconds: 0.414

