          0          0          0          0          0          0          0          0          0          0
          0        243         64          1          0          0         15          1          0          0
          0          0       6260         91        465          0         95          0          0         21
          0          0         51       3199        536          0          0          0          0         13
          0          0          3         38       3084          0          0          0          0          0
          0          0          3         17        306        217          0          0          0          0
          0          0        179         41         58          0       3207          6          0          6
          0          0         98         14         90          0        242       1797          0         19
          0          0         50         66        212          0         49         30       1308         81
          0          0         46         36        418          0          1          0          0       3274

              precision    recall  f1-score   support

           1       1.00      0.75      0.86       324
           2       0.93      0.90      0.91      6932
           3       0.91      0.84      0.88      3799
           4       0.60      0.99      0.74      3125
           5       1.00      0.40      0.57       543
           6       0.89      0.92      0.90      3497
           7       0.98      0.80      0.88      2260
           8       1.00      0.73      0.84      1796
           9       0.96      0.87      0.91      3775

    accuracy                           0.87     26051
   macro avg       0.92      0.80      0.83     26051
weighted avg       0.90      0.87      0.87     26051



running time in seconds: 2.978

