          0          0          0          0          0          0          0          0          0          0
          0        117        171         10          5          0         21          0          0          0
          0          1       5323        314        985          0        192          2          0        115
          0          0        525       1855       1418          0          0          0          0          1
          0          0        100        298       2720          0          0          0          0          7
          0          0         14         54        437          6          0          0          0         32
          0          0       1159        139        127          0       2010         61          0          1
          0          0        778         66        218          0        854        294         37         13
          0          0        685        149        294          0        106         46        142        374
          0          0       1475        113        746          0         15          0          0       1426

              precision    recall  f1-score   support

           1       0.99      0.36      0.53       324
           2       0.52      0.77      0.62      6932
           3       0.62      0.49      0.55      3799
           4       0.39      0.87      0.54      3125
           5       1.00      0.01      0.02       543
           6       0.63      0.57      0.60      3497
           7       0.73      0.13      0.22      2260
           8       0.79      0.08      0.14      1796
           9       0.72      0.38      0.50      3775

    accuracy                           0.53     26051
   macro avg       0.71      0.41      0.41     26051
weighted avg       0.62      0.53      0.50     26051



running time in seconds: 4.646

