          0          0          0          0          0          0          0          0          0          0
          0        241         65          2          0          0         15          1          0          0
          0          0       6275         94        452          0         89          0          0         22
          0          0         54       3175        556          0          0          0          0         14
          0          0          4         36       3085          0          0          0          0          0
          0          0          1         14        309        219          0          0          0          0
          0          0        194         31         56          0       3207          7          0          2
          0          0        101         19         85          0        231       1808          0         16
          0          0         44         64        211          0         46         29       1320         82
          0          0         40         38        423          0          1          0          0       3273

              precision    recall  f1-score   support

           1       1.00      0.74      0.85       324
           2       0.93      0.91      0.92      6932
           3       0.91      0.84      0.87      3799
           4       0.60      0.99      0.74      3125
           5       1.00      0.40      0.57       543
           6       0.89      0.92      0.91      3497
           7       0.98      0.80      0.88      2260
           8       1.00      0.73      0.85      1796
           9       0.96      0.87      0.91      3775

    accuracy                           0.87     26051
   macro avg       0.92      0.80      0.83     26051
weighted avg       0.90      0.87      0.87     26051



running time in seconds: 7.441

