          0          0          0          0          0          0          0          0          0          0
          0          0        324          0          0          0          0          0          0          0
          0          0       6932          0          0          0          0          0          0          0
          0          0       3799          0          0          0          0          0          0          0
          0          0       3125          0          0          0          0          0          0          0
          0          0        543          0          0          0          0          0          0          0
          0          0       3493          0          0          0          4          0          0          0
          0          0       2260          0          0          0          0          0          0          0
          0          0       1796          0          0          0          0          0          0          0
          0          0       3775          0          0          0          0          0          0          0

              precision    recall  f1-score   support

           1       0.00      0.00      0.00       324
           2       0.27      1.00      0.42      6932
           3       0.00      0.00      0.00      3799
           4       0.00      0.00      0.00      3125
           5       0.00      0.00      0.00       543
           6       1.00      0.00      0.00      3497
           7       0.00      0.00      0.00      2260
           8       0.00      0.00      0.00      1796
           9       0.00      0.00      0.00      3775

    accuracy                           0.27     26051
   macro avg       0.14      0.11      0.05     26051
weighted avg       0.21      0.27      0.11     26051



running time in seconds: 2.608

