          0          0          0          0          0          0          0          0          0          0
          0        186        120          1          0          0         17          0          0          0
          0          0       6602         35        162          0         28          0          0        105
          0          0        991       2283        522          0          0          0          0          3
          0          0        780         72       2271          0          0          0          0          2
          0          0        204         20        275         34          0          0          0         10
          0          0       1279         34         10          0       2142         23          0          9
          0          0       1050         16         32          0        677        455          0         30
          0          0        952         59        114          0         54         37        252        328
          0          0       1341         40        406          0          1          0          0       1987

              precision    recall  f1-score   support

           1       1.00      0.57      0.73       324
           2       0.50      0.95      0.65      6932
           3       0.89      0.60      0.72      3799
           4       0.60      0.73      0.66      3125
           5       1.00      0.06      0.12       543
           6       0.73      0.61      0.67      3497
           7       0.88      0.20      0.33      2260
           8       1.00      0.14      0.25      1796
           9       0.80      0.53      0.64      3775

    accuracy                           0.62     26051
   macro avg       0.82      0.49      0.53     26051
weighted avg       0.73      0.62      0.60     26051



running time in seconds: 0.302

