        253          8          0         31         17          0
          0       1043         28        107          0         36
          0         33       1032        114          1         15
          9       1235       1556      30558        416       3675
          0          2          0         39       2799        120
          0         39         56        422        216       5256

              precision    recall  f1-score   support

           0       0.97      0.82      0.89       309
           1       0.44      0.86      0.58      1214
           2       0.39      0.86      0.53      1195
           3       0.98      0.82      0.89     37449
           4       0.81      0.95      0.87      2960
           5       0.58      0.88      0.70      5989

    accuracy                           0.83     49116
   macro avg       0.69      0.86      0.74     49116
weighted avg       0.89      0.83      0.85     49116

