       3204         41         16          0         56       1829          0         21          2          0
         12        278         11          0         18          1          1          5          1          0
        274       1512       3565         44        120        578          1        263         18          1
        707        270       1012         78         60       1797          0        125          1          0
        809         43         42          4        347        534          0         33          0          0
        605          1          1          2         15       1166          0          4          2          0
         30        248        168          1         84        192        172        267          8          0
         72        116        241          3         74        231          0        154          2          0
        166        131        269          2         40        159          0        131          1          1
        849        319        663          1         69        615          0        179          5          0

              precision    recall  f1-score   support

           0       0.48      0.62      0.54      5169
           1       0.09      0.85      0.17       327
           2       0.60      0.56      0.58      6376
           3       0.58      0.02      0.04      4050
           4       0.39      0.19      0.26      1812
           5       0.16      0.65      0.26      1796
           6       0.99      0.15      0.26      1170
           7       0.13      0.17      0.15       893
           8       0.03      0.00      0.00       900
           9       0.00      0.00      0.00      2700

    accuracy                           0.36     25193
   macro avg       0.34      0.32      0.22     25193
weighted avg       0.43      0.36      0.32     25193

