       3060         39         13         10        222       1797          4         23          1          0
          4        287          9          0          6          9          3          9          0          0
        346       1231       3748        140        143        351         17        335         25         40
        830        206       1001        235         64       1480          7        173         13         41
        296         41         33          7       1071        330          1         28          2          3
        509          0          2          4         73       1198          1          9          0          0
         41        222         78         32        100        145        218        309         25          0
        103         79        164         14         90        167          7        243         21          5
        198         94        190         13         76         88          3        167         61         10
        885        245        614         99        136        388          6        220         85         22

              precision    recall  f1-score   support

           0       0.49      0.59      0.53      5169
           1       0.12      0.88      0.21       327
           2       0.64      0.59      0.61      6376
           3       0.42      0.06      0.10      4050
           4       0.54      0.59      0.56      1812
           5       0.20      0.67      0.31      1796
           6       0.82      0.19      0.30      1170
           7       0.16      0.27      0.20       893
           8       0.26      0.07      0.11       900
           9       0.18      0.01      0.02      2700

    accuracy                           0.40     25193
   macro avg       0.38      0.39      0.30     25193
weighted avg       0.46      0.40      0.37     25193

