        797       2129          0        699        145        862        856       2376        955       1336
          0          7          0          0          0          0          0          0          0          1
         27        142          1        168        193         87        251        455        264        207
          0         13          0       1897        167        354         14          3          0         32
          2          7          0        636        713        741         29          8          0         33
          0          1          0        627        296        851          8          6          0          7
          3         42          0          1          0          4        171        185         57        137
          2         34          0          0          0          0        103        285         73        103
          3         60          0          2          0          0         76        213        124        117
          8         81          0        264         17         20        108        174         67        471

              precision    recall  f1-score   support

           0       0.95      0.08      0.14     10155
           1       0.00      0.88      0.01         8
           2       1.00      0.00      0.00      1795
           3       0.44      0.76      0.56      2480
           4       0.47      0.33      0.39      2169
           5       0.29      0.47      0.36      1796
           6       0.11      0.28      0.15       600
           7       0.08      0.47      0.13       600
           8       0.08      0.21      0.12       595
           9       0.19      0.39      0.26      1210

    accuracy                           0.25     21408
   macro avg       0.36      0.39      0.21     21408
weighted avg       0.67      0.25      0.23     21408

