       1236       2286          0        713         35        919        760       1878       1072       1256
          0          8          0          0          0          0          0          0          0          0
         24        144          8        189        171         89        184        482        298        206
          0         73          0       1916        151        305         13          4          0         18
          0         39          0        595        697        777         22         11          0         28
          0         10          0        578        285        905          7          7          0          4
          2         48          1          1          0          2        187        182         60        117
          2         43          0          0          0          0         75        293         61        126
          1         89          1          1          1          0         67        193        123        119
          9         96          0        232          4         14        130        158         72        495

              precision    recall  f1-score   support

           0       0.97      0.12      0.22     10155
           1       0.00      1.00      0.01         8
           2       0.80      0.00      0.01      1795
           3       0.45      0.77      0.57      2480
           4       0.52      0.32      0.40      2169
           5       0.30      0.50      0.38      1796
           6       0.13      0.31      0.18       600
           7       0.09      0.49      0.15       600
           8       0.07      0.21      0.11       595
           9       0.21      0.41      0.28      1210

    accuracy                           0.27     21408
   macro avg       0.35      0.41      0.23     21408
weighted avg       0.68      0.27      0.27     21408

