       1629       1881          1        670         31        948        640       2178       1128       1049
          0          8          0          0          0          0          0          0          0          0
         20        134         11        177        175         95        178        527        281        197
          0        102          0       1881        144        316         13          5          0         19
          2         44          0        581        750        737         21         14          0         20
          0         18          0        548        297        915          8          7          0          3
          4         42          1          1          1          2        167        199         62        121
          3         32          0          0          0          0         57        328         64        116
          5         59          0          0          1          0         54        214        139        123
         13         86          0        216          8         17        102        181         83        504

              precision    recall  f1-score   support

           0       0.97      0.16      0.28     10155
           1       0.00      1.00      0.01         8
           2       0.85      0.01      0.01      1795
           3       0.46      0.76      0.57      2480
           4       0.53      0.35      0.42      2169
           5       0.30      0.51      0.38      1796
           6       0.13      0.28      0.18       600
           7       0.09      0.55      0.15       600
           8       0.08      0.23      0.12       595
           9       0.23      0.42      0.30      1210

    accuracy                           0.30     21408
   macro avg       0.37      0.43      0.24     21408
weighted avg       0.69      0.30      0.30     21408

