       1168       2062          0        687        127        827        564       2280       1019       1421
          0          8          0          0          0          0          0          0          0          0
         34        128          4        181        198         73        189        506        315        167
          0        124          0       1837        151        328         10          7          0         23
          2         48          0        586        831        643         25         11          0         23
          0         27          0        539        359        852          6          8          1          4
          7         40          0          1          0          2        167        214         65        104
          5         39          0          0          0          1         59        315         69        112
          2         60          0          0          0          0         65        219        139        110
         11         97          1        198          5         15        125        170         89        499

              precision    recall  f1-score   support

           0       0.95      0.12      0.21     10155
           1       0.00      1.00      0.01         8
           2       0.80      0.00      0.00      1795
           3       0.46      0.74      0.56      2480
           4       0.50      0.38      0.43      2169
           5       0.31      0.47      0.38      1796
           6       0.14      0.28      0.18       600
           7       0.08      0.53      0.15       600
           8       0.08      0.23      0.12       595
           9       0.20      0.41      0.27      1210

    accuracy                           0.27     21408
   macro avg       0.35      0.42      0.23     21408
weighted avg       0.67      0.27      0.27     21408

