          0       3015          0        898        165        703       2957        949         88       1380
          0          6          0          0          0          0          1          0          0          1
          0        464          0        313         68         50        456        192         38        214
          0          0          0       1788        378        178         79          1          0         56
          0          6          0       1137        311        597         56          3          0         59
          0          2          0        959        210        557         51          2          0         15
          0        162          0          0          1          1        206         60         21        149
          0        182          0          3          0          0        200         87         19        109
          0        231          0          5          0          0        147         81         10        121
          0        149          0        360         25          8        198         61          5        404

              precision    recall  f1-score   support

           0       0.00      0.00      0.00     10155
           1       0.00      0.75      0.00         8
           2       0.00      0.00      0.00      1795
           3       0.33      0.72      0.45      2480
           4       0.27      0.14      0.19      2169
           5       0.27      0.31      0.29      1796
           6       0.05      0.34      0.08       600
           7       0.06      0.14      0.09       600
           8       0.06      0.02      0.03       595
           9       0.16      0.33      0.22      1210

    accuracy                           0.16     21408
   macro avg       0.12      0.28      0.13     21408
weighted avg       0.10      0.16      0.11     21408

