        472          7         14          0         11          3
         19       1316        682         37        252         81
         15        150       1650         51         53         91
        395       4079       6084       9281       4368       7472
          4        538        317        110       3236        555
         28        590        435        295       1108       5320

                precision    recall  f1-score   support

       seizure       0.51      0.93      0.66       507
 pre-ictal-10m       0.20      0.55      0.29      2387
 pre-ictal-20m       0.18      0.82      0.29      2010
    interictal       0.95      0.29      0.45     31679
post-ictal-20m       0.36      0.68      0.47      4760
post-ictal-60m       0.39      0.68      0.50      7776

      accuracy                           0.43     49119
     macro avg       0.43      0.66      0.44     49119
  weighted avg       0.73      0.43      0.45     49119

