       3608        381        182          0          0          0        104        625          1        572
          7         51          7          0          0          0          4          7          0          8
       1000        176       1348          0          0          0         67        281          2        101
          0          0          0          0          0          0          0          0          0          0
          0          0          0          0          0          0          0          0          0          0
          0          0          0          0          0          0          0          0          0          0
        477        129        116          0          0          0         74        249          0        168
        368         92         90          0          0          0         41        343          0        261
        423         59        116          0          0          0         23        121          6        290
        536         73        151          0          0          0         31        270          3        810

              precision    recall  f1-score   support

           0       0.56      0.66      0.61      5473
           1       0.05      0.61      0.10        84
           2       0.67      0.45      0.54      2975
           6       0.22      0.06      0.10      1213
           7       0.18      0.29      0.22      1195
           8       0.50      0.01      0.01      1038
           9       0.37      0.43      0.40      1874

    accuracy                           0.45     13852
   macro avg       0.36      0.36      0.28     13852
weighted avg       0.49      0.45      0.44     13852

