       3473        697        168          0          0          0        193        362         18        562
          0         60          4          0          0          0          5          7          1          7
        815        389       1339          0          0          0        146        176          4        106
          0          0          0          0          0          0          0          0          0          0
          0          0          0          0          0          0          0          0          0          0
          0          0          0          0          0          0          0          0          0          0
        410        249        103          0          0          0        145        192          5        109
        320        154         96          0          0          0         68        311         17        229
        352        114        108          0          0          0         25        135         64        240
        533        131        160          0          0          0         46        199         41        764

              precision    recall  f1-score   support

           0       0.59      0.63      0.61      5473
           1       0.03      0.71      0.06        84
           2       0.68      0.45      0.54      2975
           6       0.23      0.12      0.16      1213
           7       0.23      0.26      0.24      1195
           8       0.43      0.06      0.11      1038
           9       0.38      0.41      0.39      1874

    accuracy                           0.44     13852
   macro avg       0.37      0.38      0.30     13852
weighted avg       0.50      0.44      0.45     13852

