        203          5          0          9         21         19
          1       1104         38         65        103        118
          0        103        715        105        111        160
         13        519        807      12489       2127       2586
         14        171        100        313       3529        557
         15        311        238        824       1098       4865

              precision    recall  f1-score   support

           0       0.83      0.79      0.81       257
           1       0.50      0.77      0.61      1429
           2       0.38      0.60      0.46      1194
           3       0.90      0.67      0.77     18541
           4       0.50      0.75      0.60      4684
           5       0.59      0.66      0.62      7351

    accuracy                           0.68     33456
   macro avg       0.62      0.71      0.65     33456
weighted avg       0.74      0.68      0.70     33456

