        260          1          1         31         54          4
          2        693        136        317          1         47
          1        396        290        400         14         99
         13        555        293      14781        245        917
         15         53         19        447       1210        299
          3         79         19       1477        370       1651

              precision    recall  f1-score   support

           0       0.88      0.74      0.81       351
           1       0.39      0.58      0.47      1196
           2       0.38      0.24      0.30      1200
           3       0.85      0.88      0.86     16804
           4       0.64      0.59      0.61      2043
           5       0.55      0.46      0.50      3599

    accuracy                           0.75     25193
   macro avg       0.61      0.58      0.59     25193
weighted avg       0.74      0.75      0.74     25193



running time in seconds: 27.457

