        329          1          1          4         16          0
          2        990         35        161          1          7
          2        182        810        193          3         10
          8        187        146      16179         68        216
         19          7         17        100       1843         57
          2         27         31        436        111       2992

              precision    recall  f1-score   support

           0       0.91      0.94      0.92       351
           1       0.71      0.83      0.76      1196
           2       0.78      0.68      0.72      1200
           3       0.95      0.96      0.96     16804
           4       0.90      0.90      0.90      2043
           5       0.91      0.83      0.87      3599

    accuracy                           0.92     25193
   macro avg       0.86      0.86      0.86     25193
weighted avg       0.92      0.92      0.92     25193



running time in seconds: 15.505

