        223          0          0         50         57         21
          0        232         72        804          2         86
          1        107        150        822         10        110
         18        122        133      13247        159       3125
          5          8         10        497        831        692
          3          6         11       1192        114       2273

              precision    recall  f1-score   support

           0       0.89      0.64      0.74       351
           1       0.49      0.19      0.28      1196
           2       0.40      0.12      0.19      1200
           3       0.80      0.79      0.79     16804
           4       0.71      0.41      0.52      2043
           5       0.36      0.63      0.46      3599

    accuracy                           0.67     25193
   macro avg       0.61      0.46      0.50     25193
weighted avg       0.70      0.67      0.67     25193



running time in seconds: 20.458

