        277          1          0         14         57          2
          4        955         67        159          0         11
          3        633        322        207          4         31
         26       1252        349      13977        130       1070
         44         57         39        544       1095        264
         11        178         98       1218        129       1965

              precision    recall  f1-score   support

           0       0.76      0.79      0.77       351
           1       0.31      0.80      0.45      1196
           2       0.37      0.27      0.31      1200
           3       0.87      0.83      0.85     16804
           4       0.77      0.54      0.63      2043
           5       0.59      0.55      0.57      3599

    accuracy                           0.74     25193
   macro avg       0.61      0.63      0.60     25193
weighted avg       0.77      0.74      0.75     25193



running time in seconds: 27.552

