        240          4          3         20         68         16
          1        764        122        243          9         57
          0        547        264        277         28         84
         47       1085        424      10060        513       4675
          7         41         14        333       1072        576
          3        104         41        919        349       2183

              precision    recall  f1-score   support

           0       0.81      0.68      0.74       351
           1       0.30      0.64      0.41      1196
           2       0.30      0.22      0.26      1200
           3       0.85      0.60      0.70     16804
           4       0.53      0.52      0.53      2043
           5       0.29      0.61      0.39      3599

    accuracy                           0.58     25193
   macro avg       0.51      0.55      0.50     25193
weighted avg       0.69      0.58      0.61     25193



running time in seconds: 17.042

