        213          1          0         47         63         27
          1        400        114        608          4         69
          0        236        197        645         13        109
          9        277        172      14808        161       1377
          4         19         11        541        818        650
          2         52          6       1586        129       1824

              precision    recall  f1-score   support

           0       0.93      0.61      0.73       351
           1       0.41      0.33      0.37      1196
           2       0.39      0.16      0.23      1200
           3       0.81      0.88      0.85     16804
           4       0.69      0.40      0.51      2043
           5       0.45      0.51      0.48      3599

    accuracy                           0.72     25193
   macro avg       0.61      0.48      0.53     25193
weighted avg       0.71      0.72      0.71     25193



running time in seconds: 27.703

