        246          3          0         20         68         14
          0        610        254        211          5        116
          0        339        474        215         25        147
         34        737        702      10401        471       4459
         18         31         46        206       1112        630
          6         85         53        771        364       2320

              precision    recall  f1-score   support

           0       0.81      0.70      0.75       351
           1       0.34      0.51      0.41      1196
           2       0.31      0.40      0.35      1200
           3       0.88      0.62      0.73     16804
           4       0.54      0.54      0.54      2043
           5       0.30      0.64      0.41      3599

    accuracy                           0.60     25193
   macro avg       0.53      0.57      0.53     25193
weighted avg       0.72      0.60      0.63     25193



running time in seconds: 7.386

