        209          0          0         51         63         28
          1        317        108        685          3         82
          0        184        177        706         10        123
         13        200        128      14873        143       1447
          4         17         11        551        744        716
          2         24          4       1616        103       1850

              precision    recall  f1-score   support

           0       0.91      0.60      0.72       351
           1       0.43      0.27      0.33      1196
           2       0.41      0.15      0.22      1200
           3       0.80      0.89      0.84     16804
           4       0.70      0.36      0.48      2043
           5       0.44      0.51      0.47      3599

    accuracy                           0.72     25193
   macro avg       0.62      0.46      0.51     25193
weighted avg       0.71      0.72      0.70     25193



running time in seconds: 27.572

