        255          4          0         24         56         12
          0        719        253        150          8         66
          1        431        476        172         29         91
         36       1114        747      10253        449       4205
         25         40         58        156       1158        606
          5        116         98        692        398       2290

              precision    recall  f1-score   support

           0       0.79      0.73      0.76       351
           1       0.30      0.60      0.40      1196
           2       0.29      0.40      0.34      1200
           3       0.90      0.61      0.73     16804
           4       0.55      0.57      0.56      2043
           5       0.31      0.64      0.42      3599

    accuracy                           0.60     25193
   macro avg       0.52      0.59      0.53     25193
weighted avg       0.73      0.60      0.64     25193



running time in seconds: 7.184

