        248          4          5         18         65         11
          1        760        125        262          8         40
          2        534        281        277         20         86
         35       1032        417      10649        451       4220
          9         55         26        304       1116        533
          3        132         44        893        329       2198

              precision    recall  f1-score   support

           0       0.83      0.71      0.76       351
           1       0.30      0.64      0.41      1196
           2       0.31      0.23      0.27      1200
           3       0.86      0.63      0.73     16804
           4       0.56      0.55      0.55      2043
           5       0.31      0.61      0.41      3599

    accuracy                           0.61     25193
   macro avg       0.53      0.56      0.52     25193
weighted avg       0.70      0.61      0.63     25193



running time in seconds: 17.225

