        232          0          2         21         76         20
          0        597        289        191          4        115
          0        320        490        201         24        165
         31        694        769      10125        494       4691
         10         25         54        232       1092        630
          5         69         61        819        371       2274

              precision    recall  f1-score   support

           0       0.83      0.66      0.74       351
           1       0.35      0.50      0.41      1196
           2       0.29      0.41      0.34      1200
           3       0.87      0.60      0.71     16804
           4       0.53      0.53      0.53      2043
           5       0.29      0.63      0.40      3599

    accuracy                           0.59     25193
   macro avg       0.53      0.56      0.52     25193
weighted avg       0.71      0.59      0.62     25193



running time in seconds: 7.504

