       5725          1         31          9          1         47         82          4         20          3
          0       6584         58         21         29          0         14         12         16          8
         38         43       5621         32          9          9         36         49        110         11
          8         16        115       5418          5        287          7         53        186         36
          8         44         79          1       4925         24         70         29          9        653
         17          7         45        184          9       4966         68          6        100         19
         46         12         33          1          4         43       5770          0          9          0
          7         66         81          3         78         35          6       5707         12        270
         15         44         77        142         34        305         33         17       5114         70
         14         15         46         86        326         55         39        220         48       5100

              precision    recall  f1-score   support

           0       0.97      0.97      0.97      5923
           1       0.96      0.98      0.97      6742
           2       0.91      0.94      0.93      5958
           3       0.92      0.88      0.90      6131
           4       0.91      0.84      0.87      5842
           5       0.86      0.92      0.89      5421
           6       0.94      0.97      0.96      5918
           7       0.94      0.91      0.92      6265
           8       0.91      0.87      0.89      5851
           9       0.83      0.86      0.84      5949

    accuracy                           0.92     60000
   macro avg       0.91      0.91      0.91     60000
weighted avg       0.92      0.92      0.92     60000

