       5763          2         25         15          4         25         56          3         23          7
          0       6643         19          8         10          0         16         15          7         24
         23         44       5709         29          8          7         26         58         44         10
          2         12         84       5642         11        154          6         45        149         26
          4         33         35         10       5236          1         55         17          4        447
         16          5         20        294         22       4867         66         12         94         25
         26          8         16          1          4         30       5820          0         11          2
          5         43         69         15         87          2          0       5756         12        276
         12         35         54        224         44        182         40         20       5184         56
         15         10         14         81        352         42         20        142         49       5224

              precision    recall  f1-score   support

           0       0.98      0.97      0.98      5923
           1       0.97      0.99      0.98      6742
           2       0.94      0.96      0.95      5958
           3       0.89      0.92      0.91      6131
           4       0.91      0.90      0.90      5842
           5       0.92      0.90      0.91      5421
           6       0.95      0.98      0.97      5918
           7       0.95      0.92      0.93      6265
           8       0.93      0.89      0.91      5851
           9       0.86      0.88      0.87      5949

    accuracy                           0.93     60000
   macro avg       0.93      0.93      0.93     60000
weighted avg       0.93      0.93      0.93     60000

