       5662          0         48         25          1         69         91          2         20          5
          0       6544         49         14         14         34         13         23         40         11
         45         56       5575         48         15         12         21         92         79         15
          8         16        117       5241          1        453          6         80        147         62
          4         34         99          1       4394         22         43        116          5       1124
         20         19         87        305          9       4730         85         17         64         85
         77         17         96          5          6         82       5624          0         10          1
          6         86        120          2         93         12          0       5560          8        378
         31         57         88        314         42        548         36         52       4579        104
         22         17         50         74        295         40          5        434         32       4980

              precision    recall  f1-score   support

           0       0.96      0.96      0.96      5923
           1       0.96      0.97      0.96      6742
           2       0.88      0.94      0.91      5958
           3       0.87      0.85      0.86      6131
           4       0.90      0.75      0.82      5842
           5       0.79      0.87      0.83      5421
           6       0.95      0.95      0.95      5918
           7       0.87      0.89      0.88      6265
           8       0.92      0.78      0.85      5851
           9       0.74      0.84      0.78      5949

    accuracy                           0.88     60000
   macro avg       0.88      0.88      0.88     60000
weighted avg       0.89      0.88      0.88     60000

