       5781          2         24          7          6         12         56          9         21          5
          0       6647         17         12         13          1         11         16          4         21
         31         64       5678         45          5          4          7         67         44         13
          4         10         62       5675          4        167          2         40        138         29
          3         31         25          1       5343          1         30         31          6        371
         13          3         29        210         19       4955         58         11         83         40
         28          6         15          2          4         33       5813          0         17          0
          2         38         69          6         46          0          0       5861         15        228
         10         40         41         88         32        151         19         32       5394         44
         12          5         12         77        213         20          5        177         27       5401

              precision    recall  f1-score   support

           0       0.98      0.98      0.98      5923
           1       0.97      0.99      0.98      6742
           2       0.95      0.95      0.95      5958
           3       0.93      0.93      0.93      6131
           4       0.94      0.91      0.93      5842
           5       0.93      0.91      0.92      5421
           6       0.97      0.98      0.98      5918
           7       0.94      0.94      0.94      6265
           8       0.94      0.92      0.93      5851
           9       0.88      0.91      0.89      5949

    accuracy                           0.94     60000
   macro avg       0.94      0.94      0.94     60000
weighted avg       0.94      0.94      0.94     60000

