       5777          1         20          6          9         16         70          8         13          3
          1       6624         21         10          9          8         14         10          9         36
         38         44       5661         26         39          4         18         69         50          9
          4         19         77       5505         15        245          5         41        162         58
          4         26         35          4       5139          7         47         19         14        547
         16         13         16        171         42       4968         73          7         85         30
         31          9          4          3         25         41       5797          0          8          0
          4         55         69          4         80          4          0       5728         12        309
         20         36         54        132         44        261         38         18       5182         66
         20          6         27         70        209         28         25        180         48       5336

              precision    recall  f1-score   support

           0       0.98      0.98      0.98      5923
           1       0.97      0.98      0.98      6742
           2       0.95      0.95      0.95      5958
           3       0.93      0.90      0.91      6131
           4       0.92      0.88      0.90      5842
           5       0.89      0.92      0.90      5421
           6       0.95      0.98      0.97      5918
           7       0.94      0.91      0.93      6265
           8       0.93      0.89      0.91      5851
           9       0.83      0.90      0.86      5949

    accuracy                           0.93     60000
   macro avg       0.93      0.93      0.93     60000
weighted avg       0.93      0.93      0.93     60000

