       5548          1         93         39          1         61        147          3         28          2
          0       6598         54         36          4          2         10         12         12         14
         72         95       5439         99         11         10         33        101         80         18
         29         40        197       5122          6        437         18         58        165         59
          4         76        237          2       3709         10         78        122          6       1598
         61         31        253       1005         35       3791        107         14         41         83
        100         29        169         14          5         61       5538          0          1          1
          5        153        181          5        167          9          1       5375         15        354
         41         95        189       1144        101        380         33         49       3746         73
         32         42         75        106       1351         26          7        767         20       3523

              precision    recall  f1-score   support

           0       0.94      0.94      0.94      5923
           1       0.92      0.98      0.95      6742
           2       0.79      0.91      0.85      5958
           3       0.68      0.84      0.75      6131
           4       0.69      0.63      0.66      5842
           5       0.79      0.70      0.74      5421
           6       0.93      0.94      0.93      5918
           7       0.83      0.86      0.84      6265
           8       0.91      0.64      0.75      5851
           9       0.62      0.59      0.60      5949

    accuracy                           0.81     60000
   macro avg       0.81      0.80      0.80     60000
weighted avg       0.81      0.81      0.80     60000

