       4043          0        622        204          0          0          0          0          0          4
         10          0        322        127          0          0          0          0          0          0
       1267          0       9548        771          2          0          0          0          0          3
        683          0       4891       3281         39          0          0          0          0         46
        284          0       4793        799        305          0          0          0          0        125
        329          0       3918        130          1          0          0          0          0          0
        325          0       1491        580          4          0          0          0          0          0
        219          0       1365        797         19          0          0          0          0          0
        252          0       1365        655         27          0          0          0          0         14
        848          0       3469        696         42          0          0          0          0        408

              precision    recall  f1-score   support

           0       0.49      0.83      0.62      4873
           1       0.00      0.00      0.00       459
           2       0.30      0.82      0.44     11591
           3       0.41      0.37      0.39      8940
           4       0.69      0.05      0.09      6306
           5       0.00      0.00      0.00      4378
           6       0.00      0.00      0.00      2400
           7       0.00      0.00      0.00      2400
           8       0.00      0.00      0.00      2313
           9       0.68      0.07      0.13      5463

    accuracy                           0.36     49123
   macro avg       0.26      0.21      0.17     49123
weighted avg       0.36      0.36      0.26     49123

