       5884          3          5          0          0          5         19          1          0          6
          0       6733          3          0          1          0          0          4          1          0
         33         67       5776          7          2          2          3         38         24          6
         10         32         43       5885          0         73          2         25         45         16
          5         61          7          1       5615          0         15          9          1        128
         13         25          5         52         11       5253         33          3          9         17
         12         21          3          0          4         22       5854          0          2          0
          2         78         21          2         26          1          0       6063          0         72
         20         83         33         86         28         82         16         11       5467         25
         12         39         12         36         95         15          0         66          5       5669

              precision    recall  f1-score   support

           0       0.98      0.99      0.99      5923
           1       0.94      1.00      0.97      6742
           2       0.98      0.97      0.97      5958
           3       0.97      0.96      0.96      6131
           4       0.97      0.96      0.97      5842
           5       0.96      0.97      0.97      5421
           6       0.99      0.99      0.99      5918
           7       0.97      0.97      0.97      6265
           8       0.98      0.93      0.96      5851
           9       0.95      0.95      0.95      5949

    accuracy                           0.97     60000
   macro avg       0.97      0.97      0.97     60000
weighted avg       0.97      0.97      0.97     60000



running time in seconds: 88.855

