       5838          5         16          1          4         17         29          2          5          6
          0       6735          3          0          0          0          0          3          1          0
         31        111       5680         15         11          2         10         58         30         10
          9         65         56       5751          3        109          6         41         55         36
          4         61          8          1       5544          0         23         21          3        177
         13         40          8         79         11       5171         48          8         23         20
         20         31          7          0          7         36       5815          0          2          0
          4         88         28          6         32          1          0       6016          2         88
         12         90         24        118         25        122         28         22       5363         47
          9         64          8         43        169         30          4        147         33       5442

              precision    recall  f1-score   support

           0       0.98      0.99      0.98      5923
           1       0.92      1.00      0.96      6742
           2       0.97      0.95      0.96      5958
           3       0.96      0.94      0.95      6131
           4       0.95      0.95      0.95      5842
           5       0.94      0.95      0.95      5421
           6       0.98      0.98      0.98      5918
           7       0.95      0.96      0.96      6265
           8       0.97      0.92      0.94      5851
           9       0.93      0.91      0.92      5949

    accuracy                           0.96     60000
   macro avg       0.96      0.96      0.96     60000
weighted avg       0.96      0.96      0.96     60000



running time in seconds: 23.337

