       5756          4         20          8          7         40         56          1         23          8
          0       6708          5          9          5          0          2          6          5          2
         33        152       5505         35         28          8         20         83         79         15
         14         62         71       5671          5        110          7         59         90         42
          2         86         15          3       5388          3         36         30          6        273
         15         54         11        134         19       5078         48          8         27         27
         37         54         17          1         14         72       5716          0          6          1
          6        120         35          5         83          7          3       5870         11        125
         13        112         29        189         38        153         28         26       5195         68
         15         48         12         74        272         23          4        300         32       5169

              precision    recall  f1-score   support

           0       0.98      0.97      0.97      5923
           1       0.91      0.99      0.95      6742
           2       0.96      0.92      0.94      5958
           3       0.93      0.92      0.93      6131
           4       0.92      0.92      0.92      5842
           5       0.92      0.94      0.93      5421
           6       0.97      0.97      0.97      5918
           7       0.92      0.94      0.93      6265
           8       0.95      0.89      0.92      5851
           9       0.90      0.87      0.89      5949

    accuracy                           0.93     60000
   macro avg       0.94      0.93      0.93     60000
weighted avg       0.93      0.93      0.93     60000



running time in seconds: 14.802

