       5815          6         10          3          3         22         42          3         13          6
          0       6723          5          1          5          0          1          2          3          2
         34        137       5571         22         15          3         20         75         71         10
          4         90         58       5656          5        117          6         57         99         39
          2         80          8          4       5470          1         29         22          6        220
         18         49          4         88         12       5136         55          6         24         29
         26         37          9          1          9         48       5783          1          4          0
          3        107         32          2         36          2          0       5957          7        119
         14        110         19        120         30        111         30         16       5343         58
         14         68          8         64        199         17          4        167         33       5375

              precision    recall  f1-score   support

           0       0.98      0.98      0.98      5923
           1       0.91      1.00      0.95      6742
           2       0.97      0.94      0.95      5958
           3       0.95      0.92      0.94      6131
           4       0.95      0.94      0.94      5842
           5       0.94      0.95      0.94      5421
           6       0.97      0.98      0.97      5918
           7       0.94      0.95      0.95      6265
           8       0.95      0.91      0.93      5851
           9       0.92      0.90      0.91      5949

    accuracy                           0.95     60000
   macro avg       0.95      0.95      0.95     60000
weighted avg       0.95      0.95      0.95     60000



running time in seconds: 24.514

