       5847          2         10          0          1         16         32          1          6          8
          1       6730          2          0          3          0          1          3          0          2
         51        139       5587         19         10          1         11         72         59          9
         13         73         81       5680          1        120          5         46         79         33
         16         97         16          9       5396          3         22         15          5        263
         36         39          9        117         21       5101         41          5         35         17
         53         26          3          0         16         53       5765          0          2          0
         15         78         35         13         60          5          0       5942          3        114
         27         83         42        165         40        118         25         15       5294         42
         22         70         17         57        226         24          3        144         17       5369

              precision    recall  f1-score   support

           0       0.96      0.99      0.97      5923
           1       0.92      1.00      0.96      6742
           2       0.96      0.94      0.95      5958
           3       0.94      0.93      0.93      6131
           4       0.93      0.92      0.93      5842
           5       0.94      0.94      0.94      5421
           6       0.98      0.97      0.98      5918
           7       0.95      0.95      0.95      6265
           8       0.96      0.90      0.93      5851
           9       0.92      0.90      0.91      5949

    accuracy                           0.95     60000
   macro avg       0.95      0.94      0.94     60000
weighted avg       0.95      0.95      0.95     60000



running time in seconds: 14.167

