       5824          9         12          2          3         12         41          3         11          6
          0       6732          5          0          2          0          0          2          1          0
         32        107       5674         22          5          3          6         52         50          7
          6         48         60       5771          3        109          3         43         60         28
          4         61          4          0       5514          1         22         21          3        212
         15         29          5         93          8       5161         48          7         26         29
         28         26          4          0          9         43       5804          0          2          2
          4         83         25          7         49          1          0       5987          6        103
         14         90         24        110         33        134         34         17       5356         39
         12         39          5         52        149         20          4        199         26       5443

              precision    recall  f1-score   support

           0       0.98      0.98      0.98      5923
           1       0.93      1.00      0.96      6742
           2       0.98      0.95      0.96      5958
           3       0.95      0.94      0.95      6131
           4       0.95      0.94      0.95      5842
           5       0.94      0.95      0.95      5421
           6       0.97      0.98      0.98      5918
           7       0.95      0.96      0.95      6265
           8       0.97      0.92      0.94      5851
           9       0.93      0.91      0.92      5949

    accuracy                           0.95     60000
   macro avg       0.95      0.95      0.95     60000
weighted avg       0.95      0.95      0.95     60000



running time in seconds: 26.565

