       5853          4         11          1          2         10         30          1          6          5
          0       6737          2          0          0          0          0          2          0          1
         40        103       5694         16          7          3         11         43         32          9
         14         69         58       5765          0        105          1         38         57         24
         10         71          9          2       5552          1         16         13          2        166
         22         41          8         72         12       5185         43          4         15         19
         35         18          2          0          8         29       5824          0          2          0
          6         76         41          7         58          1          0       5986          1         89
         22         90         26        121         39         97         17         14       5392         33
         17         71          8         43        178         21          0        113         15       5483

              precision    recall  f1-score   support

           0       0.97      0.99      0.98      5923
           1       0.93      1.00      0.96      6742
           2       0.97      0.96      0.96      5958
           3       0.96      0.94      0.95      6131
           4       0.95      0.95      0.95      5842
           5       0.95      0.96      0.95      5421
           6       0.98      0.98      0.98      5918
           7       0.96      0.96      0.96      6265
           8       0.98      0.92      0.95      5851
           9       0.94      0.92      0.93      5949

    accuracy                           0.96     60000
   macro avg       0.96      0.96      0.96     60000
weighted avg       0.96      0.96      0.96     60000



running time in seconds: 23.187

