       5814          6         16          6          2         15         45          0         12          7
          0       6722          7          1          2          0          0          4          1          5
         30         91       5654         19         18          3         15         61         57         10
          4         36         51       5784          4         99          6         42         66         39
          3         77          4          2       5550          0         20         20          5        161
         17         29          8         89         11       5168         49          4         20         26
         17         39          6          0          8         46       5796          0          4          2
          4        109         25          1         42          1          0       5961          3        119
         14        106         27        123         25        129         27         19       5328         53
         12         46          3         67        165         18          3        166         25       5444

              precision    recall  f1-score   support

           0       0.98      0.98      0.98      5923
           1       0.93      1.00      0.96      6742
           2       0.97      0.95      0.96      5958
           3       0.95      0.94      0.95      6131
           4       0.95      0.95      0.95      5842
           5       0.94      0.95      0.95      5421
           6       0.97      0.98      0.98      5918
           7       0.95      0.95      0.95      6265
           8       0.97      0.91      0.94      5851
           9       0.93      0.92      0.92      5949

    accuracy                           0.95     60000
   macro avg       0.95      0.95      0.95     60000
weighted avg       0.95      0.95      0.95     60000



running time in seconds: 47.041

