       5786          2         19          2          5         28         57          3         15          6
          0       6719          1          2          8          0          1          3          5          3
         32        134       5557         38         16          6         14         77         72         12
         10         70         81       5664          2        121          4         46         97         36
          4         77         17          4       5429          1         27         26          7        250
         18         46         29        112         17       5095         52          8         25         19
         36         42         16          1         15         48       5750          0          8          2
          3         97         46          8         57          3          2       5922          8        119
         11        100         27        187         23        137         33         23       5263         47
         14         50         19         68        292         31          4        211         37       5223

              precision    recall  f1-score   support

           0       0.98      0.98      0.98      5923
           1       0.92      1.00      0.95      6742
           2       0.96      0.93      0.94      5958
           3       0.93      0.92      0.93      6131
           4       0.93      0.93      0.93      5842
           5       0.93      0.94      0.94      5421
           6       0.97      0.97      0.97      5918
           7       0.94      0.95      0.94      6265
           8       0.95      0.90      0.92      5851
           9       0.91      0.88      0.90      5949

    accuracy                           0.94     60000
   macro avg       0.94      0.94      0.94     60000
weighted avg       0.94      0.94      0.94     60000



running time in seconds: 13.926

