       5906          3          2          0          0          5          5          0          1          1
          0       6729          5          0          0          0          0          6          1          1
         20         17       5882          3          1          0          3         27          3          2
          6          7         23       6034          0         22          0         14         14         11
          4         28          3          0       5756          0          6          4          1         40
          9          1          5         23          4       5341         29          0          2          7
         11          5          1          0          5          2       5894          0          0          0
          2         28         11          0          5          0          0       6191          1         27
         10         31         13         33         13         25          8          9       5683         26
         10          3          2         16         23          8          2         23          4       5858

              precision    recall  f1-score   support

           0       0.99      1.00      0.99      5923
           1       0.98      1.00      0.99      6742
           2       0.99      0.99      0.99      5958
           3       0.99      0.98      0.99      6131
           4       0.99      0.99      0.99      5842
           5       0.99      0.99      0.99      5421
           6       0.99      1.00      0.99      5918
           7       0.99      0.99      0.99      6265
           8       1.00      0.97      0.98      5851
           9       0.98      0.98      0.98      5949

    accuracy                           0.99     60000
   macro avg       0.99      0.99      0.99     60000
weighted avg       0.99      0.99      0.99     60000



running time in seconds: 48.884

