       5882          3          6          0          0          7         18          1          1          5
          1       6701         17          1          2          0          3         11          1          5
         25         29       5799          9          3          2          9         64         11          7
          4         17         37       5945          1         36          1         29         33         28
          3         32          1          1       5687          0         18          6          1         93
         11          4          3         40          6       5271         52          7         10         17
         16         10          2          0          4         18       5868          0          0          0
          2         51         15          2         12          1          0       6129          1         52
          9         44         11         48         16         55         20         13       5591         44
         14         10          5         41         40          8          5         45         10       5771

              precision    recall  f1-score   support

           0       0.99      0.99      0.99      5923
           1       0.97      0.99      0.98      6742
           2       0.98      0.97      0.98      5958
           3       0.98      0.97      0.97      6131
           4       0.99      0.97      0.98      5842
           5       0.98      0.97      0.97      5421
           6       0.98      0.99      0.99      5918
           7       0.97      0.98      0.98      6265
           8       0.99      0.96      0.97      5851
           9       0.96      0.97      0.96      5949

    accuracy                           0.98     60000
   macro avg       0.98      0.98      0.98     60000
weighted avg       0.98      0.98      0.98     60000



running time in seconds: 32.560

