       5811          8         11          3          3         18         47          1         13          8
          0       6727          5          1          4          0          0          4          0          1
         35        119       5611         25         14          3         15         64         58         14
          6         61         54       5734          3        111          6         46         74         36
          3         81          1          3       5487          3         28         19          5        212
         15         40          5         94         10       5152         54          9         18         24
         19         34         10          0          7         31       5813          0          3          1
          4        125         26          6         37          1          0       5941          1        124
         11        119         20         95         22        115         33         19       5362         55
         12         56          6         60        133         14          4        146         20       5498

              precision    recall  f1-score   support

           0       0.98      0.98      0.98      5923
           1       0.91      1.00      0.95      6742
           2       0.98      0.94      0.96      5958
           3       0.95      0.94      0.94      6131
           4       0.96      0.94      0.95      5842
           5       0.95      0.95      0.95      5421
           6       0.97      0.98      0.98      5918
           7       0.95      0.95      0.95      6265
           8       0.97      0.92      0.94      5851
           9       0.92      0.92      0.92      5949

    accuracy                           0.95     60000
   macro avg       0.95      0.95      0.95     60000
weighted avg       0.95      0.95      0.95     60000



running time in seconds: 40.939

