       5907          1          3          0          0          3          7          0          1          1
          0       6727          5          1          0          0          0          7          2          0
         12          9       5905          3          1          0          2         21          3          2
          4          7         27       6031          0         24          0         11         18          9
          4         18          2          1       5763          0          5          2          1         46
          7          3          5         20          4       5345         25          1          2          9
          8          6          0          0          3          6       5894          0          1          0
          2         23          8          0          7          0          0       6204          1         20
          7         23          8         25         12         19          5          6       5725         21
         10          4          2         16         24          7          1         16          5       5864

              precision    recall  f1-score   support

           0       0.99      1.00      0.99      5923
           1       0.99      1.00      0.99      6742
           2       0.99      0.99      0.99      5958
           3       0.99      0.98      0.99      6131
           4       0.99      0.99      0.99      5842
           5       0.99      0.99      0.99      5421
           6       0.99      1.00      0.99      5918
           7       0.99      0.99      0.99      6265
           8       0.99      0.98      0.99      5851
           9       0.98      0.99      0.98      5949

    accuracy                           0.99     60000
   macro avg       0.99      0.99      0.99     60000
weighted avg       0.99      0.99      0.99     60000



running time in seconds: 25.903

