       5811          6         12          3          2         21         44          1         13         10
          0       6728          3          0          4          0          0          4          1          2
         33         85       5662         24         10          3         15         63         55          8
          7         43         76       5745          3        105          3         45         69         35
          3         68          9          4       5526          1         20         12          5        194
         16         31         13        100         11       5147         47          7         24         25
         31         38          7          0         12         34       5790          0          3          3
          4        104         31          3         45          1          0       5940          2        135
         17         96         22        141         29        138         25         14       5315         54
         13         39          6         67        183         19          4        180         24       5414

              precision    recall  f1-score   support

           0       0.98      0.98      0.98      5923
           1       0.93      1.00      0.96      6742
           2       0.97      0.95      0.96      5958
           3       0.94      0.94      0.94      6131
           4       0.95      0.95      0.95      5842
           5       0.94      0.95      0.95      5421
           6       0.97      0.98      0.98      5918
           7       0.95      0.95      0.95      6265
           8       0.96      0.91      0.94      5851
           9       0.92      0.91      0.92      5949

    accuracy                           0.95     60000
   macro avg       0.95      0.95      0.95     60000
weighted avg       0.95      0.95      0.95     60000



running time in seconds: 29.498

