       5849          6         13          1          3          8         30          1          8          4
          0       6732          5          0          3          0          0          1          0          1
         25        112       5683         16          7          2         12         55         35         11
          5         46         41       5798          3         85          5         48         64         36
          2         65          3          2       5554          1         25         15          3        172
         21         35          4         67          8       5198         45          6         13         24
         14         39          3          1          8         25       5826          0          2          0
          4        108         18          3         27          1          0       6020          2         82
          7        105         19         91         20         82         28         15       5438         46
         11         48          8         46         91         14          5        115         19       5592

              precision    recall  f1-score   support

           0       0.99      0.99      0.99      5923
           1       0.92      1.00      0.96      6742
           2       0.98      0.95      0.97      5958
           3       0.96      0.95      0.95      6131
           4       0.97      0.95      0.96      5842
           5       0.96      0.96      0.96      5421
           6       0.97      0.98      0.98      5918
           7       0.96      0.96      0.96      6265
           8       0.97      0.93      0.95      5851
           9       0.94      0.94      0.94      5949

    accuracy                           0.96     60000
   macro avg       0.96      0.96      0.96     60000
weighted avg       0.96      0.96      0.96     60000



running time in seconds: 85.489

