       5818          7         16          4          3         14         46          1          8          6
          0       6725          6          1          3          0          0          3          1          3
         26        108       5641         25         13          1         13         63         60          8
          3         51         55       5766          3         91          5         49         66         42
          2         78          3          3       5528          1         23         17          5        182
         17         40          7         98         14       5149         48          6         19         23
         20         40          7          0          9         36       5802          0          3          1
          2        111         26          2         50          2          0       5967          2        103
         11        105         25        111         28        111         24         15       5372         49
         13         60          8         61        150         18          2        160         16       5461

              precision    recall  f1-score   support

           0       0.98      0.98      0.98      5923
           1       0.92      1.00      0.96      6742
           2       0.97      0.95      0.96      5958
           3       0.95      0.94      0.95      6131
           4       0.95      0.95      0.95      5842
           5       0.95      0.95      0.95      5421
           6       0.97      0.98      0.98      5918
           7       0.95      0.95      0.95      6265
           8       0.97      0.92      0.94      5851
           9       0.93      0.92      0.92      5949

    accuracy                           0.95     60000
   macro avg       0.95      0.95      0.95     60000
weighted avg       0.95      0.95      0.95     60000



running time in seconds: 43.155

