       5798          5         15          3          2         20         57          5         11          7
          0       6726          5          1          4          0          0          3          2          1
         30        157       5550         26         19          4         18         85         61          8
          9         81         58       5682          3        125          7         54         73         39
          4         77          6          3       5505          2         30         19          5        191
         13         56          4         91         19       5132         53         12         19         22
         20         36          5          0          8         39       5804          0          6          0
          4        115         31          2         55          2          0       5966          2         88
         10        119         16        138         28        126         37         23       5297         57
         15         74          9         69        203         22          5        187         30       5335

              precision    recall  f1-score   support

           0       0.98      0.98      0.98      5923
           1       0.90      1.00      0.95      6742
           2       0.97      0.93      0.95      5958
           3       0.94      0.93      0.94      6131
           4       0.94      0.94      0.94      5842
           5       0.94      0.95      0.94      5421
           6       0.97      0.98      0.97      5918
           7       0.94      0.95      0.95      6265
           8       0.96      0.91      0.93      5851
           9       0.93      0.90      0.91      5949

    accuracy                           0.95     60000
   macro avg       0.95      0.95      0.95     60000
weighted avg       0.95      0.95      0.95     60000



running time in seconds: 23.783

