       5795          7         20          4          6         21         51          1         13          5
          0       6724          6          2          1          0          0          4          1          4
         31        120       5615         18         12          5         15         76         59          7
          5         45         58       5763          3        113          5         44         63         32
          3         73          6          1       5496          0         26         22          5        210
         17         35          6         97          9       5140         54         10         25         28
         22         35          5          0         10         45       5796          0          4          1
          3        102         28          3         47          1          0       5952          1        128
         12        105         21        139         29        122         24         20       5331         48
          9         50          7         68        171         16          3        185         23       5417

              precision    recall  f1-score   support

           0       0.98      0.98      0.98      5923
           1       0.92      1.00      0.96      6742
           2       0.97      0.94      0.96      5958
           3       0.95      0.94      0.94      6131
           4       0.95      0.94      0.95      5842
           5       0.94      0.95      0.94      5421
           6       0.97      0.98      0.97      5918
           7       0.94      0.95      0.95      6265
           8       0.96      0.91      0.94      5851
           9       0.92      0.91      0.92      5949

    accuracy                           0.95     60000
   macro avg       0.95      0.95      0.95     60000
weighted avg       0.95      0.95      0.95     60000



running time in seconds: 27.114

