       5821          4         17          2          2         18         41          1         10          7
          0       6731          4          1          0          0          0          3          2          1
         36        142       5583         24         21          3         15         74         51          9
          8         82         56       5679          3        125          6         50         79         43
          3         71          7          3       5496          0         30         23          6        203
         17         53          6         92         15       5137         55         10         18         18
         29         31          5          0          8         33       5809          0          3          0
          4        102         29          1         31          2          0       6003          2         91
         11        111         25        133         29        107         42         21       5313         59
         14         57          7         61        192         20          5        163         32       5398

              precision    recall  f1-score   support

           0       0.98      0.98      0.98      5923
           1       0.91      1.00      0.95      6742
           2       0.97      0.94      0.95      5958
           3       0.95      0.93      0.94      6131
           4       0.95      0.94      0.94      5842
           5       0.94      0.95      0.95      5421
           6       0.97      0.98      0.97      5918
           7       0.95      0.96      0.95      6265
           8       0.96      0.91      0.93      5851
           9       0.93      0.91      0.92      5949

    accuracy                           0.95     60000
   macro avg       0.95      0.95      0.95     60000
weighted avg       0.95      0.95      0.95     60000



running time in seconds: 23.919

