       5793          4         20          8          5         25         41          1         15         11
          0       6723          4          3          3          0          2          3          2          2
         31        140       5568         30         16          6         18         80         57         12
          9         55         66       5729          2        106          5         51         77         31
          5         80         12          3       5460          2         28         31          4        217
         23         48         13        164         20       5052         44          8         34         15
         38         46         22          0         18         48       5740          0          6          0
          5        103         38          5         63          6          0       5900          4        141
         12        106         31        184         36        155         39         15       5221         52
         17         55         18         71        249         25          1        210         32       5271

              precision    recall  f1-score   support

           0       0.98      0.98      0.98      5923
           1       0.91      1.00      0.95      6742
           2       0.96      0.93      0.95      5958
           3       0.92      0.93      0.93      6131
           4       0.93      0.93      0.93      5842
           5       0.93      0.93      0.93      5421
           6       0.97      0.97      0.97      5918
           7       0.94      0.94      0.94      6265
           8       0.96      0.89      0.92      5851
           9       0.92      0.89      0.90      5949

    accuracy                           0.94     60000
   macro avg       0.94      0.94      0.94     60000
weighted avg       0.94      0.94      0.94     60000



running time in seconds: 14.239

