       5893          4          4          0          0          6         13          1          1          1
          1       6719          9          0          0          0          1          8          1          3
         21         14       5854          5          2          1          4         45          7          5
          2          9         29       6007          0         28          1         16         23         16
          3         25          3          0       5734          0          9          5          1         62
          9          3          5         32          2       5312         39          2          3         14
          7          7          0          0          3         11       5889          0          1          0
          1         30         12          3          7          0          0       6187          1         24
          8         29         10         27         12         36         14         10       5679         26
         11          4          3         22         29          6          3         31          9       5831

              precision    recall  f1-score   support

           0       0.99      0.99      0.99      5923
           1       0.98      1.00      0.99      6742
           2       0.99      0.98      0.98      5958
           3       0.99      0.98      0.98      6131
           4       0.99      0.98      0.99      5842
           5       0.98      0.98      0.98      5421
           6       0.99      1.00      0.99      5918
           7       0.98      0.99      0.98      6265
           8       0.99      0.97      0.98      5851
           9       0.97      0.98      0.98      5949

    accuracy                           0.99     60000
   macro avg       0.99      0.98      0.99     60000
weighted avg       0.99      0.99      0.99     60000



running time in seconds: 30.120

