       5859          5          8          0          1          5         34          2          4          5
          0       6730          4          0          2          0          0          4          1          1
         19         83       5744         11          1          3          8         62         19          8
          6         47         44       5817          0         86          5         38         59         29
          3         59          3          1       5609          1         24         13          2        127
         18         34          5         67          8       5206         45          3         10         25
         15         19          2          0          6         23       5848          0          5          0
          2         81         18          2         36          1          0       6054          0         71
         11         99         17         85         20         76         33         18       5459         33
         10         47          5         38        114         18          3        107         24       5583

              precision    recall  f1-score   support

           0       0.99      0.99      0.99      5923
           1       0.93      1.00      0.97      6742
           2       0.98      0.96      0.97      5958
           3       0.97      0.95      0.96      6131
           4       0.97      0.96      0.96      5842
           5       0.96      0.96      0.96      5421
           6       0.97      0.99      0.98      5918
           7       0.96      0.97      0.96      6265
           8       0.98      0.93      0.95      5851
           9       0.95      0.94      0.94      5949

    accuracy                           0.97     60000
   macro avg       0.97      0.96      0.97     60000
weighted avg       0.97      0.97      0.97     60000



running time in seconds: 85.236

