       5821          5         15          3          2         18         43          0          8          8
          0       6724          6          2          2          0          0          4          1          3
         28        110       5621         29         13          3         14         73         61          6
          2         55         60       5737          4        105          6         49         70         43
          3         72          6          2       5517          1         21         15          5        200
         18         40          8         92         10       5150         47          5         25         26
         22         44          8          0          9         39       5790          0          5          1
          3        117         27          1         39          0          0       5956          1        121
         13        110         24        112         27        113         22         17       5367         46
         13         50          8         65        154         14          4        168         20       5453

              precision    recall  f1-score   support

           0       0.98      0.98      0.98      5923
           1       0.92      1.00      0.96      6742
           2       0.97      0.94      0.96      5958
           3       0.95      0.94      0.94      6131
           4       0.95      0.94      0.95      5842
           5       0.95      0.95      0.95      5421
           6       0.97      0.98      0.98      5918
           7       0.95      0.95      0.95      6265
           8       0.96      0.92      0.94      5851
           9       0.92      0.92      0.92      5949

    accuracy                           0.95     60000
   macro avg       0.95      0.95      0.95     60000
weighted avg       0.95      0.95      0.95     60000



running time in seconds: 42.749

