       5801          8         14          5          4         20         51          1         12          7
          0       6722          8          1          5          0          0          2          1          3
         30         95       5631         20         15          1         16         73         67         10
          4         47         56       5754          6         99          6         49         74         36
          3         83          4          2       5524          2         21         25          5        173
         19         35          8         89         13       5160         47          4         20         26
         19         41          6          0          8         43       5793          0          6          2
          2        109         29          2         43          2          0       5948          2        128
          7        113         19        122         23        139         31         19       5317         61
         14         52          8         76        161         21          4        167         24       5422

              precision    recall  f1-score   support

           0       0.98      0.98      0.98      5923
           1       0.92      1.00      0.96      6742
           2       0.97      0.95      0.96      5958
           3       0.95      0.94      0.94      6131
           4       0.95      0.95      0.95      5842
           5       0.94      0.95      0.95      5421
           6       0.97      0.98      0.97      5918
           7       0.95      0.95      0.95      6265
           8       0.96      0.91      0.93      5851
           9       0.92      0.91      0.92      5949

    accuracy                           0.95     60000
   macro avg       0.95      0.95      0.95     60000
weighted avg       0.95      0.95      0.95     60000



running time in seconds: 46.667

