       5892          3          4          0          0          5         16          0          1          2
          1       6717          9          0          1          0          3          7          1          3
         15         13       5873          5          1          1          3         38          5          4
          1         10         31       6000          1         28          2         16         30         12
          3         20          2          1       5740          0         11          4          2         59
         10          4          5         25          4       5317         41          1          3         11
         10          7          0          0          4         11       5884          0          2          0
          1         27         13          1          9          0          0       6185          1         28
          4         26          7         30         11         37         14          8       5687         27
         13          6          4         21         32          9          2         29         10       5823

              precision    recall  f1-score   support

           0       0.99      0.99      0.99      5923
           1       0.98      1.00      0.99      6742
           2       0.99      0.99      0.99      5958
           3       0.99      0.98      0.98      6131
           4       0.99      0.98      0.99      5842
           5       0.98      0.98      0.98      5421
           6       0.98      0.99      0.99      5918
           7       0.98      0.99      0.99      6265
           8       0.99      0.97      0.98      5851
           9       0.98      0.98      0.98      5949

    accuracy                           0.99     60000
   macro avg       0.99      0.99      0.99     60000
weighted avg       0.99      0.99      0.99     60000



running time in seconds: 22.224

