       5885          3          5          0          1          6         17          1          2          3
          1       6707         15          0          1          1          3          9          1          4
         22         15       5837          6          4          1          8         48         13          4
          2         12         35       5952          1         38          4         22         42         23
          4         25          3          0       5714          0         12          5          1         78
          9          5          3         26          5       5304         47          3          6         13
          9          9          1          0          3         18       5877          0          1          0
          2         36         12          1         12          0          0       6161          2         39
          7         28         10         30         15         43         19          7       5657         35
         13          8          4         33         38         10          4         40         12       5787

              precision    recall  f1-score   support

           0       0.99      0.99      0.99      5923
           1       0.98      0.99      0.99      6742
           2       0.99      0.98      0.98      5958
           3       0.98      0.97      0.98      6131
           4       0.99      0.98      0.98      5842
           5       0.98      0.98      0.98      5421
           6       0.98      0.99      0.99      5918
           7       0.98      0.98      0.98      6265
           8       0.99      0.97      0.98      5851
           9       0.97      0.97      0.97      5949

    accuracy                           0.98     60000
   macro avg       0.98      0.98      0.98     60000
weighted avg       0.98      0.98      0.98     60000



running time in seconds: 23.372

