       5854          8         11          1          1          6         33          0          5          4
          0       6730          5          0          2          0          0          2          1          2
         24         78       5722         18          6          2          8         50         43          7
          6         32         50       5826          3         88          3         43         57         23
          3         60          4          1       5584          1         18         13          3        155
         19         25         12         82          6       5189         46          4         15         23
         18         28          4          0          4         32       5831          0          1          0
          2         82         27          2         36          1          1       6009          1        104
         14        103         19         88         30        117         20         13       5413         34
         11         35          5         44         97         15          3        122         15       5602

              precision    recall  f1-score   support

           0       0.98      0.99      0.99      5923
           1       0.94      1.00      0.97      6742
           2       0.98      0.96      0.97      5958
           3       0.96      0.95      0.96      6131
           4       0.97      0.96      0.96      5842
           5       0.95      0.96      0.95      5421
           6       0.98      0.99      0.98      5918
           7       0.96      0.96      0.96      6265
           8       0.97      0.93      0.95      5851
           9       0.94      0.94      0.94      5949

    accuracy                           0.96     60000
   macro avg       0.96      0.96      0.96     60000
weighted avg       0.96      0.96      0.96     60000



running time in seconds: 100.443

