       5858          7         10          1          1          8         29          1          4          4
          0       6735          3          0          1          0          0          2          0          1
         23         89       5719         18          5          1         11         52         30         10
          4         43         33       5854          2         81          2         28         54         30
          4         50          4          1       5630          0         15         13          1        124
         11         27          5         67         10       5221         42          5         11         22
         18         23          3          0          6         23       5844          0          1          0
          4         78         21          4         25          0          0       6049          1         83
         10         77         24         81         20         87         29         17       5475         31
         14         43          5         29        112         18          3         94         15       5616

              precision    recall  f1-score   support

           0       0.99      0.99      0.99      5923
           1       0.94      1.00      0.97      6742
           2       0.98      0.96      0.97      5958
           3       0.97      0.95      0.96      6131
           4       0.97      0.96      0.97      5842
           5       0.96      0.96      0.96      5421
           6       0.98      0.99      0.98      5918
           7       0.97      0.97      0.97      6265
           8       0.98      0.94      0.96      5851
           9       0.95      0.94      0.95      5949

    accuracy                           0.97     60000
   macro avg       0.97      0.97      0.97     60000
weighted avg       0.97      0.97      0.97     60000



running time in seconds: 82.335

