       5901          2          3          0          0          4          9          0          3          1
          0       6723          5          0          1          0          3          6          2          2
          9          8       5906          3          1          0          1         24          4          2
          2          7         29       6035          0         16          1         10         22          9
          3         15          3          0       5770          0          6          5          1         39
          8          2          5         17          5       5343         30          1          2          8
          9          5          0          0          3          8       5892          0          1          0
          0         20         12          1          6          0          0       6200          1         25
          8         18          8         21         11         19         10          6       5731         19
         11          5          2         14         26          8          0         18          5       5860

              precision    recall  f1-score   support

           0       0.99      1.00      0.99      5923
           1       0.99      1.00      0.99      6742
           2       0.99      0.99      0.99      5958
           3       0.99      0.98      0.99      6131
           4       0.99      0.99      0.99      5842
           5       0.99      0.99      0.99      5421
           6       0.99      1.00      0.99      5918
           7       0.99      0.99      0.99      6265
           8       0.99      0.98      0.99      5851
           9       0.98      0.99      0.98      5949

    accuracy                           0.99     60000
   macro avg       0.99      0.99      0.99     60000
weighted avg       0.99      0.99      0.99     60000



running time in seconds: 19.382

