       5890          4          3          0          1          5         15          1          1          3
          1       6716          7          0          1          0          2         12          1          2
         28         37       5816          7          5          1          7         45          7          5
          3         10         28       5991          1         37          3         22         16         20
          3         40          1          1       5704          0         12          6          1         74
         12          4          4         35          3       5294         45          4          6         14
         13         11          1          0          5         15       5872          0          1          0
          1         45         11          2          5          1          0       6160          2         38
         12         58         11         44         15         50         23         11       5593         34
         12          7          5         27         36          9          3         40          7       5803

              precision    recall  f1-score   support

           0       0.99      0.99      0.99      5923
           1       0.97      1.00      0.98      6742
           2       0.99      0.98      0.98      5958
           3       0.98      0.98      0.98      6131
           4       0.99      0.98      0.98      5842
           5       0.98      0.98      0.98      5421
           6       0.98      0.99      0.99      5918
           7       0.98      0.98      0.98      6265
           8       0.99      0.96      0.97      5851
           9       0.97      0.98      0.97      5949

    accuracy                           0.98     60000
   macro avg       0.98      0.98      0.98     60000
weighted avg       0.98      0.98      0.98     60000



running time in seconds: 53.916

