       5789          7         19          6          4         22         56          1         13          6
          0       6723          6          1          3          0          0          4          1          4
         35        131       5578         23         16          2         17         79         71          6
          7         50         59       5734          3        122          4         45         71         36
          3         72          7          2       5485          0         28         26          4        215
         14         34          8         98         11       5148         49          7         23         29
         21         38          5          0         10         44       5795          0          3          2
          4        106         25          4         51          1          0       5943          2        129
         10        116         20        136         31        130         30         22       5294         62
         14         42          7         64        175         17          3        197         22       5408

              precision    recall  f1-score   support

           0       0.98      0.98      0.98      5923
           1       0.92      1.00      0.96      6742
           2       0.97      0.94      0.95      5958
           3       0.94      0.94      0.94      6131
           4       0.95      0.94      0.94      5842
           5       0.94      0.95      0.94      5421
           6       0.97      0.98      0.97      5918
           7       0.94      0.95      0.94      6265
           8       0.96      0.90      0.93      5851
           9       0.92      0.91      0.91      5949

    accuracy                           0.95     60000
   macro avg       0.95      0.95      0.95     60000
weighted avg       0.95      0.95      0.95     60000



running time in seconds: 27.287

