       5787          4         20          3          2         23         58          1         16          9
          0       6728          5          3          1          0          0          1          3          1
         30        153       5534         26         27          5         19         81         72         11
          5         92         58       5640          3        134          6         57         89         47
          3         74          5          3       5491          1         34         18          4        209
         11         65          4         83         19       5124         53         13         30         19
         24         40          6          0          7         39       5796          1          4          1
          3        122         31          3         32          2          0       5966          3        103
          8        111         14        146         33        121         42         25       5294         57
         11         71         11         62        220         24          6        211         25       5308

              precision    recall  f1-score   support

           0       0.98      0.98      0.98      5923
           1       0.90      1.00      0.95      6742
           2       0.97      0.93      0.95      5958
           3       0.94      0.92      0.93      6131
           4       0.94      0.94      0.94      5842
           5       0.94      0.95      0.94      5421
           6       0.96      0.98      0.97      5918
           7       0.94      0.95      0.94      6265
           8       0.96      0.90      0.93      5851
           9       0.92      0.89      0.91      5949

    accuracy                           0.94     60000
   macro avg       0.95      0.94      0.94     60000
weighted avg       0.95      0.94      0.94     60000



running time in seconds: 23.916

