       5825          9         13          4          3         14         40          1          7          7
          0       6729          5          0          2          0          0          5          0          1
         24         96       5658         23         12          3         12         67         58          5
          6         40         52       5772          3         93          5         48         70         42
          2         65          3          2       5551          0         21         17          5        176
         18         31          9         98         10       5164         41          5         21         24
         21         34          7          0          8         38       5807          0          2          1
          4        111         25          1         46          1          0       5979          2         96
         11         94         29        100         32        104         29         14       5397         41
         11         49          8         58        142         18          4        151         17       5491

              precision    recall  f1-score   support

           0       0.98      0.98      0.98      5923
           1       0.93      1.00      0.96      6742
           2       0.97      0.95      0.96      5958
           3       0.95      0.94      0.95      6131
           4       0.96      0.95      0.95      5842
           5       0.95      0.95      0.95      5421
           6       0.97      0.98      0.98      5918
           7       0.95      0.95      0.95      6265
           8       0.97      0.92      0.94      5851
           9       0.93      0.92      0.93      5949

    accuracy                           0.96     60000
   macro avg       0.96      0.96      0.96     60000
weighted avg       0.96      0.96      0.96     60000



running time in seconds: 42.196

