       5750          3         20          9          8         41         59          1         24          8
          0       6699          7          6         12          0          2          9          5          2
         29        152       5458         43         42          9         22         97         92         14
         12         70         73       5667          5         97          5         57         99         46
          4         59         10          3       5480          3         31         30         10        212
         26         62         10        158         24       5008         56         13         36         28
         47         57         11          2         13         67       5716          0          4          1
          5        106         40          2         68         14          0       5920          7        103
         15        105         27        203         25        148         33         28       5197         70
         18         37         11         72        339         23          4        329         44       5072

              precision    recall  f1-score   support

           0       0.97      0.97      0.97      5923
           1       0.91      0.99      0.95      6742
           2       0.96      0.92      0.94      5958
           3       0.92      0.92      0.92      6131
           4       0.91      0.94      0.92      5842
           5       0.93      0.92      0.92      5421
           6       0.96      0.97      0.97      5918
           7       0.91      0.94      0.93      6265
           8       0.94      0.89      0.91      5851
           9       0.91      0.85      0.88      5949

    accuracy                           0.93     60000
   macro avg       0.93      0.93      0.93     60000
weighted avg       0.93      0.93      0.93     60000



running time in seconds: 14.950

