       5777          5         16          2          5         24         63          3         18         10
          0       6719          3          4          5          0          4          2          2          3
         36        161       5494         34         25          5         19         78         91         15
         12         89         80       5614          4        116          6         56        105         49
          6         91          9          3       5397          2         32         32          9        261
         19         67          6        124         24       5063         53         11         28         26
         40         27          5          1         23         53       5757          6          3          3
          4        128         41          3         49          5          0       5899          5        131
         13        106         30        181         36        141         32         19       5233         60
         16         52         11         73        266         23          4        233         33       5238

              precision    recall  f1-score   support

           0       0.98      0.98      0.98      5923
           1       0.90      1.00      0.95      6742
           2       0.96      0.92      0.94      5958
           3       0.93      0.92      0.92      6131
           4       0.93      0.92      0.92      5842
           5       0.93      0.93      0.93      5421
           6       0.96      0.97      0.97      5918
           7       0.93      0.94      0.94      6265
           8       0.95      0.89      0.92      5851
           9       0.90      0.88      0.89      5949

    accuracy                           0.94     60000
   macro avg       0.94      0.94      0.94     60000
weighted avg       0.94      0.94      0.94     60000



running time in seconds: 14.384

