      23027         38         37          0
        321        847          0          0
        460          0        136          0
         22          4          5        296

              precision    recall  f1-score   support

           0       0.97      1.00      0.98     23102
           1       0.95      0.73      0.82      1168
           2       0.76      0.23      0.35       596
           3       1.00      0.91      0.95       327

    accuracy                           0.96     25193
   macro avg       0.92      0.71      0.78     25193
weighted avg       0.96      0.96      0.96     25193

