      23102          0          0          0
          5       1163          0          0
         36          0        560          0
          1          0          0        326

              precision    recall  f1-score   support

           0       1.00      1.00      1.00     23102
           1       1.00      1.00      1.00      1168
           2       1.00      0.94      0.97       596
           3       1.00      1.00      1.00       327

    accuracy                           1.00     25193
   macro avg       1.00      0.98      0.99     25193
weighted avg       1.00      1.00      1.00     25193

