      23068         22         12          0
        190        978          0          0
        370          0        226          0
          6          0          1        320

              precision    recall  f1-score   support

           0       0.98      1.00      0.99     23102
           1       0.98      0.84      0.90      1168
           2       0.95      0.38      0.54       596
           3       1.00      0.98      0.99       327

    accuracy                           0.98     25193
   macro avg       0.97      0.80      0.85     25193
weighted avg       0.98      0.98      0.97     25193

