      23102          0          0          0
          2       1166          0          0
         18          0        578          0
          1          0          0        326

              precision    recall  f1-score   support

           0       1.00      1.00      1.00     23102
           1       1.00      1.00      1.00      1168
           2       1.00      0.97      0.98       596
           3       1.00      1.00      1.00       327

    accuracy                           1.00     25193
   macro avg       1.00      0.99      1.00     25193
weighted avg       1.00      1.00      1.00     25193

