      23065         25         12          0
        110       1058          0          0
        323          0        273          0
         10          0          0        317

              precision    recall  f1-score   support

           0       0.98      1.00      0.99     23102
           1       0.98      0.91      0.94      1168
           2       0.96      0.46      0.62       596
           3       1.00      0.97      0.98       327

    accuracy                           0.98     25193
   macro avg       0.98      0.83      0.88     25193
weighted avg       0.98      0.98      0.98     25193

