      23101          1          0          0
         19       1149          0          0
         91          0        505          0
          1          0          0        326

              precision    recall  f1-score   support

           0       1.00      1.00      1.00     23102
           1       1.00      0.98      0.99      1168
           2       1.00      0.85      0.92       596
           3       1.00      1.00      1.00       327

    accuracy                           1.00     25193
   macro avg       1.00      0.96      0.98     25193
weighted avg       1.00      1.00      1.00     25193

