      15283         33       1739       5752       4521       1790        619        814        633       1190
          0        113          0          0          0          0          4          1          0          1
         52          2       2240        205        268         48         40          9         25         83
          4          0         15       1723         47          3          0          0          1          2
          9          0         61        450       1259         13          1          0          1          2
         92          0         92         73        484        868         59         29         41         57
         32          4         31          1          0         52        884         83         47         66
         30          0         39         24         29         47        150        712        110         59
         37          0         76         35         90         66        140        136        533         82
         73          2        505        102        385        213        259        424        351       1095

              precision    recall  f1-score   support

           0       0.98      0.47      0.64     32374
           1       0.73      0.95      0.83       119
           2       0.47      0.75      0.58      2972
           3       0.21      0.96      0.34      1795
           4       0.18      0.70      0.28      1796
           5       0.28      0.48      0.35      1795
           6       0.41      0.74      0.53      1200
           7       0.32      0.59      0.42      1200
           8       0.31      0.45      0.36      1195
           9       0.42      0.32      0.36      3409

    accuracy                           0.52     47855
   macro avg       0.43      0.64      0.47     47855
weighted avg       0.77      0.52      0.56     47855



running time in seconds: 38.238

