      17667         61       1777       5647       3253       1713        626        570        444        616
          0        119          0          0          0          0          0          0          0          0
        246          3       2010        183        372         14         22         10          9        103
         36          0         39       1662         57          1          0          0          0          0
        114          0         82        453       1127         16          0          0          2          2
        227          0        178        101        370        827         30         25         10         27
         32          6         83          0          3        115        837         55         35         34
         85          0         72         40         32        115        184        588         45         39
         91          0        143         79         85         88        141        188        328         52
        374          8        617        154        270        305        341        442        138        760

              precision    recall  f1-score   support

           0       0.94      0.55      0.69     32374
           1       0.60      1.00      0.75       119
           2       0.40      0.68      0.50      2972
           3       0.20      0.93      0.33      1795
           4       0.20      0.63      0.31      1796
           5       0.26      0.46      0.33      1795
           6       0.38      0.70      0.50      1200
           7       0.31      0.49      0.38      1200
           8       0.32      0.27      0.30      1195
           9       0.47      0.22      0.30      3409

    accuracy                           0.54     47855
   macro avg       0.41      0.59      0.44     47855
weighted avg       0.74      0.54      0.59     47855



running time in seconds: 24.890

