      31931          0         54        116         90         77         13          9         15         69
          1        117          0          0          0          0          1          0          0          0
        192          1       2650         26         19         14          6          2          7         55
        335          0         28       1384         47          0          0          0          0          1
        242          0         41         67       1434         11          0          0          0          1
        365          0         31          8         31       1326          7          4          4         19
        100          1         28          0          1         25        995         17         15         18
        170          0         16          0          3         27         57        856         32         39
        206          0         18          1          4         23         47         50        783         63
        468          1         87          1         17         44         53         48         51       2639

              precision    recall  f1-score   support

           0       0.94      0.99      0.96     32374
           1       0.97      0.98      0.98       119
           2       0.90      0.89      0.89      2972
           3       0.86      0.77      0.81      1795
           4       0.87      0.80      0.83      1796
           5       0.86      0.74      0.79      1795
           6       0.84      0.83      0.84      1200
           7       0.87      0.71      0.78      1200
           8       0.86      0.66      0.75      1195
           9       0.91      0.77      0.84      3409

    accuracy                           0.92     47855
   macro avg       0.89      0.81      0.85     47855
weighted avg       0.92      0.92      0.92     47855



running time in seconds: 96.199

