      14156         64       1810       6432       4075       2077        782        980        621       1377
          0        116          0          0          0          0          3          0          0          0
         32          2       2068        262        384         41         39         14         31         99
          1          0         19       1721         49          4          0          0          1          0
         10          0         55        501       1205         19          1          1          2          2
         72          0        126        129        471        777         78         37         38         67
         15          6         47          1          0         56        906         70         52         47
         26          0         61         40         29         41        160        663         79        101
         38          0         90         71         94         58        138        184        418        104
         81          2        467        152        416        239        355        426        240       1031

              precision    recall  f1-score   support

           0       0.98      0.44      0.60     32374
           1       0.61      0.97      0.75       119
           2       0.44      0.70      0.54      2972
           3       0.18      0.96      0.31      1795
           4       0.18      0.67      0.28      1796
           5       0.23      0.43      0.30      1795
           6       0.37      0.76      0.49      1200
           7       0.28      0.55      0.37      1200
           8       0.28      0.35      0.31      1195
           9       0.36      0.30      0.33      3409

    accuracy                           0.48     47855
   macro avg       0.39      0.61      0.43     47855
weighted avg       0.76      0.48      0.53     47855



running time in seconds: 35.491

