      15668          5       1919       5379       4955       1642        619        672        331       1184
          2        109          0          0          0          0          6          1          0          1
         50          2       2318        195        195         49         46         11         23         83
          4          0         16       1683         87          4          0          0          1          0
         10          0         94        354       1310         22          2          1          0          3
        101          0         83         92        489        840         63         28         24         75
         43          2         28          1          0         48        924         51         35         68
         44          0         64         22         35         41        172        636         86        100
         69          0        110         49        105         68        152        113        429        100
        112          2        590        103        483        188        266        372        256       1037

              precision    recall  f1-score   support

           0       0.97      0.48      0.65     32374
           1       0.91      0.92      0.91       119
           2       0.44      0.78      0.57      2972
           3       0.21      0.94      0.35      1795
           4       0.17      0.73      0.28      1796
           5       0.29      0.47      0.36      1795
           6       0.41      0.77      0.54      1200
           7       0.34      0.53      0.41      1200
           8       0.36      0.36      0.36      1195
           9       0.39      0.30      0.34      3409

    accuracy                           0.52     47855
   macro avg       0.45      0.63      0.48     47855
weighted avg       0.77      0.52      0.57     47855



running time in seconds: 10.744

