      14409         78       1636       6539       3629       2027        873       1011        641       1531
          0        116          0          0          0          0          3          0          0          0
         43          1       1965        326        411         36         58         13         38         81
          2          0         11       1740         39          3          0          0          0          0
         17          0         48        600       1108         16          1          4          2          0
         59          0        130        150        481        734         70         53         41         77
         17          7         55          0          0         54        890         89         46         42
         22          0         54         51         28         39        174        687         51         94
         25          0         70         84        100         54        158        225        404         75
         96          2        420        186        390        200        362        437        330        986

              precision    recall  f1-score   support

           0       0.98      0.45      0.61     32374
           1       0.57      0.97      0.72       119
           2       0.45      0.66      0.53      2972
           3       0.18      0.97      0.30      1795
           4       0.18      0.62      0.28      1796
           5       0.23      0.41      0.30      1795
           6       0.34      0.74      0.47      1200
           7       0.27      0.57      0.37      1200
           8       0.26      0.34      0.29      1195
           9       0.34      0.29      0.31      3409

    accuracy                           0.48     47855
   macro avg       0.38      0.60      0.42     47855
weighted avg       0.76      0.48      0.53     47855



running time in seconds: 36.205

