      14626         52       1971       6074       4194       2141        715        919        583       1099
          0        115          0          0          0          0          4          0          0          0
         39          0       2217        239        283         47         32         13         22         80
          6          0         17       1716         53          1          0          1          1          0
         17          0         58        524       1178         16          0          2          1          0
         78          0        134        108        409        867         54         39         48         58
         21          5         38          1          1         63        923         69         40         39
         23          0         58         44         23         41        164        689         68         90
         45          0        109         59         85         54        157        197        384        105
        117          2        521        133        333        276        356        484        223        964

              precision    recall  f1-score   support

           0       0.98      0.45      0.62     32374
           1       0.66      0.97      0.78       119
           2       0.43      0.75      0.55      2972
           3       0.19      0.96      0.32      1795
           4       0.18      0.66      0.28      1796
           5       0.25      0.48      0.33      1795
           6       0.38      0.77      0.51      1200
           7       0.29      0.57      0.38      1200
           8       0.28      0.32      0.30      1195
           9       0.40      0.28      0.33      3409

    accuracy                           0.49     47855
   macro avg       0.40      0.62      0.44     47855
weighted avg       0.76      0.49      0.54     47855



running time in seconds: 34.389

