      31897          0        108        108         91         70         19         13          3         65
          3        109          0          0          0          0          5          0          1          1
        308          1       2416         62         30         25         22          6         10         92
        609          0         16       1106         63          0          0          0          0          1
        293          0         57        133       1287         21          0          0          0          5
        676          0         31          9         56        958         28          2          4         31
        159          1         13          0          0         19        901         30         29         48
        275          0         22          1          5          8         76        684         44         85
        366          0         19          0         10         17         63         45        553        122
        805          1        128          1         12         52         97         48        111       2154

              precision    recall  f1-score   support

           0       0.90      0.99      0.94     32374
           1       0.97      0.92      0.94       119
           2       0.86      0.81      0.84      2972
           3       0.78      0.62      0.69      1795
           4       0.83      0.72      0.77      1796
           5       0.82      0.53      0.65      1795
           6       0.74      0.75      0.75      1200
           7       0.83      0.57      0.67      1200
           8       0.73      0.46      0.57      1195
           9       0.83      0.63      0.72      3409

    accuracy                           0.88     47855
   macro avg       0.83      0.70      0.75     47855
weighted avg       0.87      0.88      0.87     47855



running time in seconds: 103.499

