      16620         14       1815       5262       3742       1782        447        690        680       1322
          0        115          0          0          0          0          3          1          0          0
         47          2       2409        174        169         33         31         16         24         67
          5          0         22       1690         74          0          0          1          1          2
         12          0         72        360       1330         15          1          1          4          1
        148          0         98         55        369        965         43         22         42         53
         39          4         32          1          0         44        914         76         41         49
         51          0         34          6         19         36        127        766        100         61
         48          0         78         16         58         50        124        144        600         77
        146          2        492         39        205        183        248        462        370       1262

              precision    recall  f1-score   support

           0       0.97      0.51      0.67     32374
           1       0.84      0.97      0.90       119
           2       0.48      0.81      0.60      2972
           3       0.22      0.94      0.36      1795
           4       0.22      0.74      0.34      1796
           5       0.31      0.54      0.39      1795
           6       0.47      0.76      0.58      1200
           7       0.35      0.64      0.45      1200
           8       0.32      0.50      0.39      1195
           9       0.44      0.37      0.40      3409

    accuracy                           0.56     47855
   macro avg       0.46      0.68      0.51     47855
weighted avg       0.78      0.56      0.60     47855



running time in seconds: 35.848

