      16294          4       2026       5118       4427       1847        457        583        347       1271
          1        113          0          0          0          0          4          1          0          0
         52          2       2422        158        142         36         42          7         29         82
          4          0         20       1689         76          3          0          0          2          1
         14          0         78        322       1360         18          1          0          1          2
        110          0        101         69        410        928         58         32         27         60
         46          2         21          0          0         55        940         45         38         53
         48          0         51         17         19         40        162        679         98         86
         72          0         70         29         95         63        128        114        526         98
        121          2        513         77        326        219        255        379        322       1195

              precision    recall  f1-score   support

           0       0.97      0.50      0.66     32374
           1       0.92      0.95      0.93       119
           2       0.46      0.81      0.59      2972
           3       0.23      0.94      0.36      1795
           4       0.20      0.76      0.31      1796
           5       0.29      0.52      0.37      1795
           6       0.46      0.78      0.58      1200
           7       0.37      0.57      0.45      1200
           8       0.38      0.44      0.41      1195
           9       0.42      0.35      0.38      3409

    accuracy                           0.55     47855
   macro avg       0.47      0.66      0.50     47855
weighted avg       0.78      0.55      0.59     47855



running time in seconds: 9.973

