      31973          0         53        113         77         62         11          6         11         68
          4        109          1          0          0          0          4          0          0          1
        254          1       2521         57         24         20         11          5         12         67
        485          0         11       1253         45          0          0          0          0          1
        247          0         31        118       1377         18          0          0          1          4
        541          0         20         10         46       1127         17          3          3         28
        143          1         12          0          0         15        927         32         33         37
        225          0         14          2          4          7         79        767         41         61
        298          0         18          0          6         15         53         41        670         94
        645          1        102          0          9         43         81         45         98       2385

              precision    recall  f1-score   support

           0       0.92      0.99      0.95     32374
           1       0.97      0.92      0.94       119
           2       0.91      0.85      0.88      2972
           3       0.81      0.70      0.75      1795
           4       0.87      0.77      0.81      1796
           5       0.86      0.63      0.73      1795
           6       0.78      0.77      0.78      1200
           7       0.85      0.64      0.73      1200
           8       0.77      0.56      0.65      1195
           9       0.87      0.70      0.77      3409

    accuracy                           0.90     47855
   macro avg       0.86      0.75      0.80     47855
weighted avg       0.90      0.90      0.90     47855



running time in seconds: 62.792

