      12343        210       1703       7236       4150       2122       1322       1217        665       1406
          0        117          0          0          0          0          2          0          0          0
         53          1       1570        431        652         41         53         23         29        119
          2          0          6       1735         51          0          0          0          1          0
         17          0         55        632       1060         19          0          1          1         11
         93          0        138        208        422        669         63         67         41         94
         18          9         59          1          1         62        847        117         49         37
         33          1         92         83         32         59        161        606         52         81
         49          1        142        135         81         65        175        222        251         74
         91          6        545        292        380        264        353        454        197        827

              precision    recall  f1-score   support

           0       0.97      0.38      0.55     32374
           1       0.34      0.98      0.50       119
           2       0.36      0.53      0.43      2972
           3       0.16      0.97      0.28      1795
           4       0.16      0.59      0.25      1796
           5       0.20      0.37      0.26      1795
           6       0.28      0.71      0.41      1200
           7       0.22      0.51      0.31      1200
           8       0.20      0.21      0.20      1195
           9       0.31      0.24      0.27      3409

    accuracy                           0.42     47855
   macro avg       0.32      0.55      0.35     47855
weighted avg       0.74      0.42      0.47     47855



running time in seconds: 28.143

