      13158        140       1877       6916       3760       2206       1080        911        803       1523
          0        116          0          0          0          0          3          0          0          0
         41          2       1818        423        496         40         45         14         34         59
          5          0          9       1756         21          3          0          1          0          0
         19          0         92        674        967         26          0          0          3         15
         92          0        159        159        422        720         69         38         31        105
         23          6         53          1          0         59        892         73         38         55
         34          0         80         33         21         55        182        632         68         95
         56          0        144         76         59         74        208        197        313         68
        136          2        737        136        283        245        333        489        280        768

              precision    recall  f1-score   support

           0       0.97      0.41      0.57     32374
           1       0.44      0.97      0.60       119
           2       0.37      0.61      0.46      2972
           3       0.17      0.98      0.29      1795
           4       0.16      0.54      0.25      1796
           5       0.21      0.40      0.28      1795
           6       0.32      0.74      0.44      1200
           7       0.27      0.53      0.36      1200
           8       0.20      0.26      0.23      1195
           9       0.29      0.23      0.25      3409

    accuracy                           0.44     47855
   macro avg       0.34      0.57      0.37     47855
weighted avg       0.74      0.44      0.49     47855



running time in seconds: 6.770

