      18437          1       2021       4296       3393       1734        300        470        352       1370
          0        114          0          0          0          0          4          1          0          0
         66          3       2545        125         77         38         24          8         25         61
         58          0         30       1617         84          3          0          0          1          2
         31          0         68        261       1409         22          1          1          2          1
        165          0         94         39        304       1060         31         22         25         55
         50          2         18          1          0         48        938         44         33         66
         77          0         44          7         11         30        136        735         81         79
         97          0         81         22         52         45         97        129        581         91
        179          2        535         42        170        224        245        344        353       1315

              precision    recall  f1-score   support

           0       0.96      0.57      0.72     32374
           1       0.93      0.96      0.95       119
           2       0.47      0.86      0.61      2972
           3       0.25      0.90      0.39      1795
           4       0.26      0.78      0.39      1796
           5       0.33      0.59      0.42      1795
           6       0.53      0.78      0.63      1200
           7       0.42      0.61      0.50      1200
           8       0.40      0.49      0.44      1195
           9       0.43      0.39      0.41      3409

    accuracy                           0.60     47855
   macro avg       0.50      0.69      0.54     47855
weighted avg       0.78      0.60      0.64     47855



running time in seconds: 9.864

