      83494          0          0          0
          7        581          0          0
         10          0        288          0
          0          0          0         91

              precision    recall  f1-score   support

           0       1.00      1.00      1.00     83494
           1       1.00      0.99      0.99       588
           2       1.00      0.97      0.98       298
           3       1.00      1.00      1.00        91

    accuracy                           1.00     84471
   macro avg       1.00      0.99      0.99     84471
weighted avg       1.00      1.00      1.00     84471

