       3967         83         39       1124          0          0          0
          0         84          0          0          0          0          0
         51        187       1792        435          0          0          0
         11        152         18        167          0          0          0
          5         32         20        329          0          0          0
          7          8         13        299          0          0          0
          7         45         21       1688          0          0          0

              precision    recall  f1-score   support

           0       0.98      0.72      0.83      5473
           1       0.14      1.00      0.25        84
           2       0.94      0.60      0.73      2975
           3       0.00      0.00      0.00         0
           4       0.00      0.00      0.00         0
           5       0.00      0.00      0.00         0
           6       0.04      0.14      0.06      1213
           7       0.00      0.00      0.00      1195
           8       0.00      0.00      0.00      1038
           9       0.00      0.00      0.00      1874

    accuracy                           0.43     13852
   macro avg       0.21      0.25      0.19     13852
weighted avg       0.59      0.43      0.49     13852



running time in seconds: 12.826

