       4082        157         52        777          0          0          0
          0         84          0          0          0          0          0
         54        194       2231        154          0          0          0
         13         87         14         49          0          0          0
          2         34          3        156          0          0          0
          9         26         10        166          0          0          0
         17         35         46       1525          0          0          0

              precision    recall  f1-score   support

           0       0.98      0.75      0.85      5473
           1       0.14      1.00      0.24        84
           2       0.95      0.75      0.84      2975
           3       0.00      0.00      0.00         0
           4       0.00      0.00      0.00         0
           5       0.00      0.00      0.00         0
           6       0.02      0.04      0.02      1213
           7       0.00      0.00      0.00      1195
           8       0.00      0.00      0.00      1038
           9       0.00      0.00      0.00      1874

    accuracy                           0.47     13852
   macro avg       0.21      0.25      0.19     13852
weighted avg       0.59      0.47      0.52     13852



running time in seconds: 20.629

