       2674        833          3       1131          0          0          0
          0         78          0          0          0          0          0
        127       1069        588        413          0          0          0
         42        416          1        163          0          0          0
         14        386          5        240          0          0          0
         16        281         10        252          0          0          0
         21        816          0        802          0          0          0

              precision    recall  f1-score   support

           0       0.92      0.49      0.64      5473
           1       0.02      0.93      0.04        84
           2       0.97      0.20      0.33      2975
           3       0.00      0.00      0.00         0
           4       0.00      0.00      0.00         0
           5       0.00      0.00      0.00         0
           6       0.05      0.13      0.08      1213
           7       0.00      0.00      0.00      1195
           8       0.00      0.00      0.00      1038
           9       0.00      0.00      0.00      1874

    accuracy                           0.25     13852
   macro avg       0.20      0.17      0.11     13852
weighted avg       0.58      0.25      0.33     13852



running time in seconds: 12.728

