       4210          3        130       1022          0          0          0
          0         84          0          0          0          0          0
         57         14       2403        325          0          0          0
         16         27         73        149          0          0          0
          6          4         76        336          0          0          0
         10          0         42        315          0          0          0
         11          2         44       1788          0          0          0

              precision    recall  f1-score   support

           0       0.98      0.77      0.86      5473
           1       0.63      1.00      0.77        84
           2       0.87      0.81      0.84      2975
           3       0.00      0.00      0.00         0
           4       0.00      0.00      0.00         0
           5       0.00      0.00      0.00         0
           6       0.04      0.12      0.06      1213
           7       0.00      0.00      0.00      1195
           8       0.00      0.00      0.00      1038
           9       0.00      0.00      0.00      1874

    accuracy                           0.49     13852
   macro avg       0.25      0.27      0.25     13852
weighted avg       0.58      0.49      0.53     13852



running time in seconds: 7.408

