       3602        291         15        982          0          0          0
          1         77          0          0          0          0          0
        282        849        832        310          0          0          0
        102        385         14        116          0          0          0
         66        274         25        282          0          0          0
        128         79         19        404          0          0          0
        110        478         11        992          0          0          0

              precision    recall  f1-score   support

           0       0.84      0.66      0.74      5473
           1       0.03      0.92      0.06        84
           2       0.91      0.28      0.43      2975
           3       0.00      0.00      0.00         0
           4       0.00      0.00      0.00         0
           5       0.00      0.00      0.00         0
           6       0.04      0.10      0.05      1213
           7       0.00      0.00      0.00      1195
           8       0.00      0.00      0.00      1038
           9       0.00      0.00      0.00      1874

    accuracy                           0.33     13852
   macro avg       0.18      0.20      0.13     13852
weighted avg       0.53      0.33      0.39     13852



running time in seconds: 11.393

