       4711         46         12        619          0          0          0
          0         84          0          0          0          0          0
          2         32       2853         80          0          0          0
          0         11          0         14          0          0          0
          0          2          2        108          0          0          0
          0          0          0        106          0          0          0
          0          2         11       1786          0          0          0

              precision    recall  f1-score   support

           0       1.00      0.86      0.92      5473
           1       0.47      1.00      0.64        84
           2       0.99      0.96      0.97      2975
           3       0.00      0.00      0.00         0
           4       0.00      0.00      0.00         0
           5       0.00      0.00      0.00         0
           6       0.01      0.01      0.01      1213
           7       0.00      0.00      0.00      1195
           8       0.00      0.00      0.00      1038
           9       0.00      0.00      0.00      1874

    accuracy                           0.55     13852
   macro avg       0.25      0.28      0.26     13852
weighted avg       0.61      0.55      0.58     13852



running time in seconds: 31.008

