       2706        742          7       1232          0          0          0
          0         78          0          0          0          0          0
        114        961        715        452          0          0          0
         42        416          4        175          0          0          0
         17        384          5        267          0          0          0
         21        228          5        331          0          0          0
         27        733          0        939          0          0          0

              precision    recall  f1-score   support

           0       0.92      0.49      0.64      5473
           1       0.02      0.93      0.04        84
           2       0.97      0.24      0.39      2975
           3       0.00      0.00      0.00         0
           4       0.00      0.00      0.00         0
           5       0.00      0.00      0.00         0
           6       0.05      0.14      0.08      1213
           7       0.00      0.00      0.00      1195
           8       0.00      0.00      0.00      1038
           9       0.00      0.00      0.00      1874

    accuracy                           0.27     13852
   macro avg       0.20      0.18      0.11     13852
weighted avg       0.58      0.27      0.34     13852



running time in seconds: 12.220

