        249          0          0          0          0          0
          3       1729         86         55          6          0
          0          0       1784         15          1          0
          7         17        482       5677          5        206
         43         81        827        502       5343         24
         20         78       1065        619        242       7646

              precision    recall  f1-score   support

           0       0.77      1.00      0.87       249
           1       0.91      0.92      0.91      1879
           2       0.42      0.99      0.59      1800
           3       0.83      0.89      0.86      6394
           4       0.95      0.78      0.86      6820
           5       0.97      0.79      0.87      9670

    accuracy                           0.84     26812
   macro avg       0.81      0.90      0.83     26812
weighted avg       0.89      0.84      0.85     26812



running time in seconds: 17.166

