        247          1          1          0          0          0
       1690        110         13         48         10          8
       1553         34        126         71          8          8
       5850         50         37        383         32         42
       6147         43         52        144        388         46
       9138         43         47        146         64        232

              precision    recall  f1-score   support

           0       0.01      0.99      0.02       249
           1       0.39      0.06      0.10      1879
           2       0.46      0.07      0.12      1800
           3       0.48      0.06      0.11      6394
           4       0.77      0.06      0.11      6820
           5       0.69      0.02      0.05      9670

    accuracy                           0.06     26812
   macro avg       0.47      0.21      0.08     26812
weighted avg       0.62      0.06      0.08     26812



running time in seconds: 10.503

