        243          0          0          3          2          1
       1688         83         24         51         16         17
       1546         17        144         59         14         20
       5691         25         41        530         41         66
       6042         38         40        147        470         83
       8878         37         42        157         87        469

              precision    recall  f1-score   support

           0       0.01      0.98      0.02       249
           1       0.41      0.04      0.08      1879
           2       0.49      0.08      0.14      1800
           3       0.56      0.08      0.14      6394
           4       0.75      0.07      0.13      6820
           5       0.71      0.05      0.09      9670

    accuracy                           0.07     26812
   macro avg       0.49      0.22      0.10     26812
weighted avg       0.64      0.07      0.11     26812



running time in seconds: 14.123

