        196         10          1         14         21          7
        519        783        264        166         96         51
        469         39       1052        158         48         34
       2007         94        696       3144         65        388
       1544        286        482        367       3732        409
       1505        309        620        815        843       5578

              precision    recall  f1-score   support

           0       0.03      0.79      0.06       249
           1       0.51      0.42      0.46      1879
           2       0.34      0.58      0.43      1800
           3       0.67      0.49      0.57      6394
           4       0.78      0.55      0.64      6820
           5       0.86      0.58      0.69      9670

    accuracy                           0.54     26812
   macro avg       0.53      0.57      0.48     26812
weighted avg       0.73      0.54      0.61     26812



running time in seconds: 13.998

