        249          0          0          0          0          0
       1845         34          0          0          0          0
       1777          0         23          0          0          0
       6343          0          0         51          0          0
       6793          0          0          0         27          0
       9640          0          0          0          0         30

              precision    recall  f1-score   support

           0       0.01      1.00      0.02       249
           1       1.00      0.02      0.04      1879
           2       1.00      0.01      0.03      1800
           3       1.00      0.01      0.02      6394
           4       1.00      0.00      0.01      6820
           5       1.00      0.00      0.01      9670

    accuracy                           0.02     26812
   macro avg       0.83      0.17      0.02     26812
weighted avg       0.99      0.02      0.01     26812



running time in seconds: 16.937

