        182         11          5         14         30          7
        261       1016        196        189        135         82
        207         89       1171        210         48         75
       1240        228        678       3915        120        213
        810        407        526        404       4266        407
        777        482        610       1008        846       5947

              precision    recall  f1-score   support

           0       0.05      0.73      0.10       249
           1       0.45      0.54      0.49      1879
           2       0.37      0.65      0.47      1800
           3       0.68      0.61      0.65      6394
           4       0.78      0.63      0.70      6820
           5       0.88      0.61      0.73      9670

    accuracy                           0.62     26812
   macro avg       0.54      0.63      0.52     26812
weighted avg       0.74      0.62      0.66     26812



running time in seconds: 16.957

