        146         12          3         40         43          5
        152        904        152        381        175        115
        106        158        909        412        124         91
        410        386        472       4227        404        495
        636        379        344        939       3791        731
       1318        526        486       1546       1171       4623

              precision    recall  f1-score   support

           0       0.05      0.59      0.10       249
           1       0.38      0.48      0.43      1879
           2       0.38      0.51      0.44      1800
           3       0.56      0.66      0.61      6394
           4       0.66      0.56      0.61      6820
           5       0.76      0.48      0.59      9670

    accuracy                           0.54     26812
   macro avg       0.47      0.54      0.46     26812
weighted avg       0.63      0.54      0.57     26812



running time in seconds: 10.398

