       5369          0         78          0          0          0          0          0          0         26
         51          0         25          0          0          0          7          0          0          1
       1114          0       1834          0          0          0          1          0          0         26
          0          0          0          0          0          0          0          0          0          0
          0          0          0          0          0          0          0          0          0          0
          0          0          0          0          0          0          0          0          0          0
        693          0        277          0          0          0        121          5          0        117
        635          0        255          0          0          0          5         47          0        253
        634          0        173          0          0          0          7         22          0        202
       1096          0        251          0          0          0          7          1          0        519

              precision    recall  f1-score   support

           0       0.56      0.98      0.71      5473
           1       0.00      0.00      0.00        84
           2       0.63      0.62      0.63      2975
           6       0.82      0.10      0.18      1213
           7       0.63      0.04      0.07      1195
           8       0.00      0.00      0.00      1038
           9       0.45      0.28      0.34      1874

    accuracy                           0.57     13852
   macro avg       0.44      0.29      0.28     13852
weighted avg       0.54      0.57      0.48     13852

