          0          0          0          0          0          0          0          0          0          0
          0         76         42          0          0          0          8          0          5         52
          0          1       7417          0          0          0        149         40          7        725
          0          0       1117          0          0          0          0          0          0        622
          0          0          0          0          0          0          0          0          0          0
          0          0          0          0          0          0          0          0          0          0
          0          2       1856          0          0          0       1215         67          2        446
          0          9       1502          0          0          0        384        683         65        649
          0          0        963          0          0          0        432        232        472       1190
          0          0       2175          0          0          0        124         15         21       4047

              precision    recall  f1-score   support

           1       0.86      0.42      0.56       183
           2       0.49      0.89      0.63      8339
           3       0.00      0.00      0.00      1739
           6       0.53      0.34      0.41      3588
           7       0.66      0.21      0.32      3292
           8       0.83      0.14      0.24      3289
           9       0.52      0.63      0.57      6382

    accuracy                           0.52     26812
   macro avg       0.56      0.38      0.39     26812
weighted avg       0.54      0.52      0.46     26812

