         65          0          0          0          0          0
          0        598          0          0          0          0
          0          7        592          0          1          0
          9       7262       4681      33805       6718       5762
          0          2          0          0       1108          2
          0          0          0          1        203       2195

              precision    recall  f1-score   support

           0       0.88      1.00      0.94        65
           1       0.08      1.00      0.14       598
           2       0.11      0.99      0.20       600
           3       1.00      0.58      0.73     58237
           4       0.14      1.00      0.24      1112
           5       0.28      0.91      0.42      2399

    accuracy                           0.61     63011
   macro avg       0.41      0.91      0.45     63011
weighted avg       0.94      0.61      0.70     63011



running time in seconds: 65.179

