         65          0          0          0          0          0
          1        447         66         77          4          3
          0        131        312        132         21          4
         21       3288       2025      47325       2240       3338
          1         14          5         59        959         74
          0          1          3        215        124       2056

              precision    recall  f1-score   support

           0       0.74      1.00      0.85        65
           1       0.12      0.75      0.20       598
           2       0.13      0.52      0.21       600
           3       0.99      0.81      0.89     58237
           4       0.29      0.86      0.43      1112
           5       0.38      0.86      0.52      2399

    accuracy                           0.81     63011
   macro avg       0.44      0.80      0.52     63011
weighted avg       0.94      0.81      0.86     63011



running time in seconds: 44.277

