         65          0          0          0          0          0
        509         66          7         16          0          0
        553         12         29          6          0          0
      53832         93         12       4088        138         74
        781          0          0          7        295         29
       1914          0          0         56         47        382

              precision    recall  f1-score   support

           0       0.00      1.00      0.00        65
           1       0.39      0.11      0.17       598
           2       0.60      0.05      0.09       600
           3       0.98      0.07      0.13     58237
           4       0.61      0.27      0.37      1112
           5       0.79      0.16      0.26      2399

    accuracy                           0.08     63011
   macro avg       0.56      0.28      0.17     63011
weighted avg       0.96      0.08      0.14     63011



running time in seconds: 145.775

