       3027       1270        408       4030          0          0       5073        242        128        660
          0        209          0          0          0          0          3          0          0          0
          4        982        127       2561          0          0       2011         55          6         99
          0         53          7        219          0          0        187          1          1         14
          0          0          0          0          0          0          0          0          0          0
          0          0          0          0          0          0          0          0          0          0
          6        199         35        422          0          0       1650         29         14         45
         19        232         35        767          0          0       1108         36          8        119
        198        183         34        422          0          0       1002         20         46         68
        122        720        170       2097          0          0       1777         89         35        372

              precision    recall  f1-score   support

           0       0.90      0.20      0.33     14838
           1       0.05      0.99      0.10       212
           2       0.16      0.02      0.04      5845
           3       0.02      0.45      0.04       482
           6       0.13      0.69      0.22      2400
           7       0.08      0.02      0.03      2324
           8       0.19      0.02      0.04      1973
           9       0.27      0.07      0.11      5382

    accuracy                           0.17     33456
   macro avg       0.22      0.31      0.11     33456
weighted avg       0.49      0.17      0.19     33456

