       2748       1478       1734       2582          0          0       3304        688        864       1440
          0        209          0          0          0          0          2          0          0          1
          0       1115        644       1983          0          0       1422        233         61        387
          0         64         36        284          0          0         61          4         13         20
          0          0          0          0          0          0          0          0          0          0
          0          0          0          0          0          0          0          0          0          0
          3        230         77        394          0          0       1321         86        170        119
          6        293        194        560          0          0        803        113        140        215
        130        217        120        294          0          0        752         55        273        132
         36        838        671       1384          0          0       1189        233        364        667

              precision    recall  f1-score   support

           0       0.94      0.19      0.31     14838
           1       0.05      0.99      0.09       212
           2       0.19      0.11      0.14      5845
           3       0.04      0.59      0.07       482
           6       0.15      0.55      0.23      2400
           7       0.08      0.05      0.06      2324
           8       0.14      0.14      0.14      1973
           9       0.22      0.12      0.16      5382

    accuracy                           0.19     33456
   macro avg       0.23      0.34      0.15     33456
weighted avg       0.51      0.19      0.22     33456

