       6807        130         10          0
         42       6034          0          0
         20          4        721          0
          0          0          0         84

              precision    recall  f1-score   support

           0       0.99      0.98      0.99      6947
           1       0.98      0.99      0.99      6076
           2       0.99      0.97      0.98       745
           3       1.00      1.00      1.00        84

    accuracy                           0.99     13852
   macro avg       0.99      0.99      0.99     13852
weighted avg       0.99      0.99      0.99     13852

