       6327        558         62          0
        446       5625          4          1
        221        128        396          0
          5         13          0         66

              precision    recall  f1-score   support

           0       0.90      0.91      0.91      6947
           1       0.89      0.93      0.91      6076
           2       0.86      0.53      0.66       745
           3       0.99      0.79      0.87        84

    accuracy                           0.90     13852
   macro avg       0.91      0.79      0.84     13852
weighted avg       0.90      0.90      0.89     13852

