       6820        117         10          0
        113       5963          0          0
         53         12        680          0
          0          0          0         84

              precision    recall  f1-score   support

           0       0.98      0.98      0.98      6947
           1       0.98      0.98      0.98      6076
           2       0.99      0.91      0.95       745
           3       1.00      1.00      1.00        84

    accuracy                           0.98     13852
   macro avg       0.99      0.97      0.98     13852
weighted avg       0.98      0.98      0.98     13852

