         64          0          0          1          0          0
          1        478         11         99          1          8
          0        319        102        171          4          4
         25       5180        750      48951        673       2658
         14         28         24        318        656         72
          1         19         18        648         99       1614

              precision    recall  f1-score   support

           0       0.61      0.98      0.75        65
           1       0.08      0.80      0.14       598
           2       0.11      0.17      0.14       600
           3       0.98      0.84      0.90     58237
           4       0.46      0.59      0.52      1112
           5       0.37      0.67      0.48      2399

    accuracy                           0.82     63011
   macro avg       0.43      0.68      0.49     63011
weighted avg       0.93      0.82      0.87     63011



running time in seconds: 128.215

