         65          0          0          0          0          0
          2        453         32         83          4         24
          0        312        108        164          8          8
         60       9187       1373      45592        763       1262
         16         37         13        675        283         88
          1         76          5       1261         39       1017

              precision    recall  f1-score   support

           0       0.45      1.00      0.62        65
           1       0.05      0.76      0.08       598
           2       0.07      0.18      0.10       600
           3       0.95      0.78      0.86     58237
           4       0.26      0.25      0.26      1112
           5       0.42      0.42      0.42      2399

    accuracy                           0.75     63011
   macro avg       0.37      0.57      0.39     63011
weighted avg       0.90      0.75      0.82     63011



running time in seconds: 34.619

