         64          0          0          1          0          0
          2        417          3        121          3         52
          0        301         45        215         16         23
         25       6229        608      47955        752       2668
         16         23          3        607        269        194
          1         10          4        863         26       1495

              precision    recall  f1-score   support

           0       0.59      0.98      0.74        65
           1       0.06      0.70      0.11       598
           2       0.07      0.07      0.07       600
           3       0.96      0.82      0.89     58237
           4       0.25      0.24      0.25      1112
           5       0.34      0.62      0.44      2399

    accuracy                           0.80     63011
   macro avg       0.38      0.57      0.42     63011
weighted avg       0.91      0.80      0.84     63011



running time in seconds: 35.854

