         56          0          0          5          4          0
          1        142          9        440          1          5
          0         14         76        510          0          0
          1          4          3      58176          5         48
          0          0          1        343        738         30
          0          0          0        423         55       1921

              precision    recall  f1-score   support

           0       0.97      0.86      0.91        65
           1       0.89      0.24      0.37       598
           2       0.85      0.13      0.22       600
           3       0.97      1.00      0.98     58237
           4       0.92      0.66      0.77      1112
           5       0.96      0.80      0.87      2399

    accuracy                           0.97     63011
   macro avg       0.93      0.61      0.69     63011
weighted avg       0.97      0.97      0.96     63011



running time in seconds: 103.956

