         63          0          0          1          1          0
          1         78          0        488          1         30
          0         12          3        580          0          5
         21        619          3      57307         19        268
         16          8          0        935         83         70
          1          4          0       1525          2        867

              precision    recall  f1-score   support

           0       0.62      0.97      0.75        65
           1       0.11      0.13      0.12       598
           2       0.50      0.01      0.01       600
           3       0.94      0.98      0.96     58237
           4       0.78      0.07      0.14      1112
           5       0.70      0.36      0.48      2399

    accuracy                           0.93     63011
   macro avg       0.61      0.42      0.41     63011
weighted avg       0.92      0.93      0.91     63011



running time in seconds: 86.455

