         63          0          0          2          0          0
          1        448          7        141          0          1
          0         29        388        182          1          0
          0         30         25      58130         18         34
          1          2          2         91       1007          9
          0          1          2         77         13       2306

              precision    recall  f1-score   support

           0       0.97      0.97      0.97        65
           1       0.88      0.75      0.81       598
           2       0.92      0.65      0.76       600
           3       0.99      1.00      0.99     58237
           4       0.97      0.91      0.94      1112
           5       0.98      0.96      0.97      2399

    accuracy                           0.99     63011
   macro avg       0.95      0.87      0.91     63011
weighted avg       0.99      0.99      0.99     63011



running time in seconds: 57.359

