         64          0          0          1          0          0
          1        297          2        275          1         22
          0        163         28        400          3          6
         12       1966         65      55225         84        885
          9          7          1        795        172        128
          0          7          2       1133         15       1242

              precision    recall  f1-score   support

           0       0.74      0.98      0.85        65
           1       0.12      0.50      0.20       598
           2       0.29      0.05      0.08       600
           3       0.95      0.95      0.95     58237
           4       0.63      0.15      0.25      1112
           5       0.54      0.52      0.53      2399

    accuracy                           0.91     63011
   macro avg       0.55      0.52      0.48     63011
weighted avg       0.92      0.91      0.91     63011



running time in seconds: 174.259

