         63          0          0          2          0          0
          1        298         11        286          0          2
          0         12        247        340          1          0
          1         20         21      58138         15         42
          0          1          1        206        888         16
          0          1          1        182         28       2187

              precision    recall  f1-score   support

           0       0.97      0.97      0.97        65
           1       0.90      0.50      0.64       598
           2       0.88      0.41      0.56       600
           3       0.98      1.00      0.99     58237
           4       0.95      0.80      0.87      1112
           5       0.97      0.91      0.94      2399

    accuracy                           0.98     63011
   macro avg       0.94      0.76      0.83     63011
weighted avg       0.98      0.98      0.98     63011



running time in seconds: 57.235

