         56          0          0          8          1          0
          1        106          4        479          1          7
          0          8         68        524          0          0
          2          1          4      58178          9         43
          0          0          0        327        745         40
          0          1          0        409         46       1943

              precision    recall  f1-score   support

           0       0.95      0.86      0.90        65
           1       0.91      0.18      0.30       598
           2       0.89      0.11      0.20       600
           3       0.97      1.00      0.98     58237
           4       0.93      0.67      0.78      1112
           5       0.96      0.81      0.88      2399

    accuracy                           0.97     63011
   macro avg       0.94      0.61      0.67     63011
weighted avg       0.97      0.97      0.96     63011



running time in seconds: 57.766

