         65          0          0          0          0          0
          2        339         42        188          2         25
          0        192        120        271          5         12
         28       3501       1083      52256        380        989
         17         12         11        691        307         74
          0         17          1       1071         56       1254

              precision    recall  f1-score   support

           0       0.58      1.00      0.73        65
           1       0.08      0.57      0.15       598
           2       0.10      0.20      0.13       600
           3       0.96      0.90      0.93     58237
           4       0.41      0.28      0.33      1112
           5       0.53      0.52      0.53      2399

    accuracy                           0.86     63011
   macro avg       0.44      0.58      0.47     63011
weighted avg       0.92      0.86      0.89     63011



running time in seconds: 75.507

