         65          0          0          0          0          0
          1         92          0        479          1         25
          0         28         12        557          0          3
         22        724         49      57168         29        245
         15          8          1        917        104         67
          1          5          0       1470          4        919

              precision    recall  f1-score   support

           0       0.62      1.00      0.77        65
           1       0.11      0.15      0.13       598
           2       0.19      0.02      0.04       600
           3       0.94      0.98      0.96     58237
           4       0.75      0.09      0.17      1112
           5       0.73      0.38      0.50      2399

    accuracy                           0.93     63011
   macro avg       0.56      0.44      0.43     63011
weighted avg       0.92      0.93      0.91     63011



running time in seconds: 86.357

