         64          0          0          1          0          0
          1         87          3        467          1         39
          0         72          9        509          2          8
         31        946         89      56315         64        792
         14          4          0        860        112        122
          0         15          0       1330          5       1049

              precision    recall  f1-score   support

           0       0.58      0.98      0.73        65
           1       0.08      0.15      0.10       598
           2       0.09      0.01      0.03       600
           3       0.95      0.97      0.96     58237
           4       0.61      0.10      0.17      1112
           5       0.52      0.44      0.48      2399

    accuracy                           0.91     63011
   macro avg       0.47      0.44      0.41     63011
weighted avg       0.91      0.91      0.91     63011



running time in seconds: 75.101

