         65          0          0          0          0          0
          3        410          3        170          2         10
          0        259         77        262          2          0
         34       3665        486      53051        440        561
         16         23         22        614        382         55
          0         30         39       1124         23       1183

              precision    recall  f1-score   support

           0       0.55      1.00      0.71        65
           1       0.09      0.69      0.16       598
           2       0.12      0.13      0.13       600
           3       0.96      0.91      0.94     58237
           4       0.45      0.34      0.39      1112
           5       0.65      0.49      0.56      2399

    accuracy                           0.88     63011
   macro avg       0.47      0.59      0.48     63011
weighted avg       0.92      0.88      0.90     63011



running time in seconds: 86.087

