         65          0          0          0          0          0
          1        447         24         82          8         36
          0        313        122        130         17         18
         22       6648       1877      45432       1085       3173
         15         28         12        460        495        102
          0         11          1        666        122       1599

              precision    recall  f1-score   support

           0       0.63      1.00      0.77        65
           1       0.06      0.75      0.11       598
           2       0.06      0.20      0.09       600
           3       0.97      0.78      0.87     58237
           4       0.29      0.45      0.35      1112
           5       0.32      0.67      0.44      2399

    accuracy                           0.76     63011
   macro avg       0.39      0.64      0.44     63011
weighted avg       0.92      0.76      0.83     63011



running time in seconds: 35.581

