         64          0          0          1          0          0
          2        424         19        113          4         36
          0        296         70        191         22         21
         25       6279       1027      47434        829       2643
         15         29          6        527        330        205
          1         12          1        761         39       1585

              precision    recall  f1-score   support

           0       0.60      0.98      0.74        65
           1       0.06      0.71      0.11       598
           2       0.06      0.12      0.08       600
           3       0.97      0.81      0.88     58237
           4       0.27      0.30      0.28      1112
           5       0.35      0.66      0.46      2399

    accuracy                           0.79     63011
   macro avg       0.39      0.60      0.43     63011
weighted avg       0.91      0.79      0.84     63011



running time in seconds: 35.854

