         62          0          0          3          0          0
          3        126          0        433          1         35
          0         81          2        504          0         13
         17        953          4      56840         25        398
         11          3          0        872        107        119
          1          6          0       1342         10       1040

              precision    recall  f1-score   support

           0       0.66      0.95      0.78        65
           1       0.11      0.21      0.14       598
           2       0.33      0.00      0.01       600
           3       0.95      0.98      0.96     58237
           4       0.75      0.10      0.17      1112
           5       0.65      0.43      0.52      2399

    accuracy                           0.92     63011
   macro avg       0.57      0.45      0.43     63011
weighted avg       0.92      0.92      0.91     63011



running time in seconds: 174.477

