         65          0          0          0          0          0
          1        438          4        110          3         42
          0        350         49        178          8         15
         59       9580        576      45462        858       1702
         18         38         11        697        218        130
          1         71          4       1304         33        986

              precision    recall  f1-score   support

           0       0.45      1.00      0.62        65
           1       0.04      0.73      0.08       598
           2       0.08      0.08      0.08       600
           3       0.95      0.78      0.86     58237
           4       0.19      0.20      0.20      1112
           5       0.34      0.41      0.37      2399

    accuracy                           0.75     63011
   macro avg       0.34      0.53      0.37     63011
weighted avg       0.90      0.75      0.81     63011



running time in seconds: 34.656

