          0          0          0          0          0          0          0          0          0          0
          0        304          4          1          0          0          9          5          0          1
          0        193       3814        549        524         37        627        144        221        823
          0          3        387       2338        759         88         34         25         94         71
          0          1        249        712       1871        216          2         26         31         17
          0          0         22         48        133        330          1          1          1          7
          0        119        423        118         69         14       2052        498         33        171
          0         23        165         71         87          7        501       1129        229         48
          0          2        122        151        130         29         67        267        847        181
          0         13        224        242        382        108         41         80        600       2085

              precision    recall  f1-score   support

           1       0.46      0.94      0.62       324
           2       0.70      0.55      0.62      6932
           3       0.55      0.62      0.58      3799
           4       0.47      0.60      0.53      3125
           5       0.40      0.61      0.48       543
           6       0.62      0.59      0.60      3497
           7       0.52      0.50      0.51      2260
           8       0.41      0.47      0.44      1796
           9       0.61      0.55      0.58      3775

    accuracy                           0.57     26051
   macro avg       0.53      0.60      0.55     26051
weighted avg       0.58      0.57      0.57     26051



running time in seconds: 22.993

