          0          0          0          0          0          0          0          0          0          0
          0        301          6          1          0          1         10          4          0          1
          0        200       3673        521        608         57        689        116        179        889
          0          3        376       2214        853        115         37         25         88         88
          0          1        225        642       1957        250          3         15         11         21
          0          0         29         37        139        325          1          2          3          7
          0        165        401        145         80         12       1897        581         33        183
          0         22        206         78         88         14        468       1115        216         53
          0          1        196        152        145         23         50        236        767        226
          0          8        215        228        391        105         39         67        545       2177

              precision    recall  f1-score   support

           1       0.43      0.93      0.59       324
           2       0.69      0.53      0.60      6932
           3       0.55      0.58      0.57      3799
           4       0.46      0.63      0.53      3125
           5       0.36      0.60      0.45       543
           6       0.59      0.54      0.57      3497
           7       0.52      0.49      0.50      2260
           8       0.42      0.43      0.42      1796
           9       0.60      0.58      0.59      3775

    accuracy                           0.55     26051
   macro avg       0.51      0.59      0.53     26051
weighted avg       0.57      0.55      0.56     26051



running time in seconds: 22.085

