          0          0          0          0          0          0          0          0          0          0
          0        280         16          3          1          0         20          3          0          1
          0          7       5923        249        326          2        180         45         16        184
          0          0        230       3008        448          5         11         13         10         74
          0          0        177        333       2514         13          2          4         11         71
          0          0         16         30        201        263          0          2          5         26
          0          4        305         81         41          5       2828        172          7         54
          0          2        152         54         66          1        350       1464        119         52
          0          0         68        138        114          4         38        160       1016        258
          0          0        196        173        207         12         24         37        116       3010

              precision    recall  f1-score   support

           1       0.96      0.86      0.91       324
           2       0.84      0.85      0.85      6932
           3       0.74      0.79      0.76      3799
           4       0.64      0.80      0.71      3125
           5       0.86      0.48      0.62       543
           6       0.82      0.81      0.81      3497
           7       0.77      0.65      0.70      2260
           8       0.78      0.57      0.66      1796
           9       0.81      0.80      0.80      3775

    accuracy                           0.78     26051
   macro avg       0.80      0.74      0.76     26051
weighted avg       0.78      0.78      0.78     26051



running time in seconds: 112.631

