          0          0          0          0          0          0          0          0          0          0
          0        313          2          0          0          0          8          1          0          0
          0         85       5420        291        218          5        360         45         72        436
          0          1        996       2341        359         23          8          8         19         44
          0          0        870        655       1472         63          3          7          7         48
          0          0         50        106         93        282          0          2          3          7
          0         65        699        134         39          7       1896        583         12         62
          0          6        225        100         54          3        444       1227        180         21
          0          1        188        192         97          8         84        245        837        144
          0          1        646        363        218         26         40        113        294       2074

              precision    recall  f1-score   support

           1       0.66      0.97      0.79       324
           2       0.60      0.78      0.68      6932
           3       0.56      0.62      0.59      3799
           4       0.58      0.47      0.52      3125
           5       0.68      0.52      0.59       543
           6       0.67      0.54      0.60      3497
           7       0.55      0.54      0.55      2260
           8       0.59      0.47      0.52      1796
           9       0.73      0.55      0.63      3775

    accuracy                           0.61     26051
   macro avg       0.62      0.61      0.61     26051
weighted avg       0.62      0.61      0.60     26051



running time in seconds: 7.268

