          0          0          0          0          0          0          0          0          0          0
          0        306          3          2          0          1          6          2          2          2
          0        174       4358        475        419         30        524        128        190        634
          0          1        515       2349        595         84         33         22        110         90
          0          0        373        695       1755        180          6         20         38         58
          0          1         35         41        117        333          0          2          8          6
          0        111        542        117         62         10       1943        575         32        105
          0         16        163         63         52          7        431       1252        229         47
          0          2        142        160         96         23         60        255        919        139
          0          9        388        219        273         75         49         87        756       1919

              precision    recall  f1-score   support

           1       0.49      0.94      0.65       324
           2       0.67      0.63      0.65      6932
           3       0.57      0.62      0.59      3799
           4       0.52      0.56      0.54      3125
           5       0.45      0.61      0.52       543
           6       0.64      0.56      0.59      3497
           7       0.53      0.55      0.54      2260
           8       0.40      0.51      0.45      1796
           9       0.64      0.51      0.57      3775

    accuracy                           0.58     26051
   macro avg       0.55      0.61      0.57     26051
weighted avg       0.59      0.58      0.58     26051



running time in seconds: 21.329

