          0          0          0          0          0          0          0          0          0          0
          0        305          5          2          0          1          7          2          1          1
          0        150       4087        515        573         27        596        178        183        623
          0          2        396       2268        864         61         28         20         74         86
          0          0        214        551       2089        156          4         19         28         64
          0          0         23         32        138        332          0          3          7          8
          0         97        361        119         64          9       2116        548         34        149
          0          9        153         61         76          2        357       1317        229         56
          0          1        101        158        139         18         22        243        952        162
          0          2        262        246        344         73         40         98        554       2156

              precision    recall  f1-score   support

           1       0.54      0.94      0.69       324
           2       0.73      0.59      0.65      6932
           3       0.57      0.60      0.59      3799
           4       0.49      0.67      0.56      3125
           5       0.49      0.61      0.54       543
           6       0.67      0.61      0.63      3497
           7       0.54      0.58      0.56      2260
           8       0.46      0.53      0.49      1796
           9       0.65      0.57      0.61      3775

    accuracy                           0.60     26051
   macro avg       0.57      0.63      0.59     26051
weighted avg       0.62      0.60      0.60     26051



running time in seconds: 25.091

