          0          0          0          0          0          0          0          0          0          0
          0        287          9          3          0          1         18          5          0          1
          0         31       4094        478        742         18        672        138        188        571
          0          1        294       2141       1134         43         19         12         78         77
          0          0        158        388       2444         81          4         14         16         20
          0          0         13         32        224        251          1          2          9         11
          0         16        434        132         95          6       1632       1052         32         98
          0          1        176         89         98          2        172       1501        171         50
          0          0        107        173        179          8         28        348        814        139
          0          0        262        243        510         23        117         45        674       1901

              precision    recall  f1-score   support

           1       0.85      0.89      0.87       324
           2       0.74      0.59      0.66      6932
           3       0.58      0.56      0.57      3799
           4       0.45      0.78      0.57      3125
           5       0.58      0.46      0.51       543
           6       0.61      0.47      0.53      3497
           7       0.48      0.66      0.56      2260
           8       0.41      0.45      0.43      1796
           9       0.66      0.50      0.57      3775

    accuracy                           0.58     26051
   macro avg       0.60      0.60      0.59     26051
weighted avg       0.61      0.58      0.58     26051



running time in seconds: 10.109

