          0          0          0          0          0          0          0          0          0          0
          0        299          8          1          0          0         13          2          0          1
          0        115       4385        566        431         19        576         93        179        568
          0          0        491       2471        597         56         17         17         60         90
          0          0        372        718       1766        129          7         15         23         95
          0          0         37         54        131        300          0          5          6         10
          0         78        519        136         73          6       1863        710         24         88
          0          2        184         73         68          4        399       1250        203         77
          0          0        150        168         99         13         40        285        904        137
          0          2        375        209        271         30        112         71        759       1946

              precision    recall  f1-score   support

           1       0.60      0.92      0.73       324
           2       0.67      0.63      0.65      6932
           3       0.56      0.65      0.60      3799
           4       0.51      0.57      0.54      3125
           5       0.54      0.55      0.55       543
           6       0.62      0.53      0.57      3497
           7       0.51      0.55      0.53      2260
           8       0.42      0.50      0.46      1796
           9       0.65      0.52      0.57      3775

    accuracy                           0.58     26051
   macro avg       0.56      0.60      0.58     26051
weighted avg       0.59      0.58      0.58     26051



running time in seconds: 7.536

