          0          0          0          0          0          0          0          0          0          0
          0        283          9          4          0          1         17          9          0          1
          0         31       3979        487        770         22        720        114        214        595
          0          1        291       2060       1200         48         23         16         74         86
          0          0        139        337       2507         89          3         12         14         24
          0          0          6         34        235        255          1          3          4          5
          0         20        402        139         98          4       1656       1029         31        118
          0          1        164         90        122          0        188       1445        185         65
          0          1        109        165        187         10         33        326        815        150
          0          0        211        242        529         31        129         46        658       1929

              precision    recall  f1-score   support

           1       0.84      0.87      0.86       324
           2       0.75      0.57      0.65      6932
           3       0.58      0.54      0.56      3799
           4       0.44      0.80      0.57      3125
           5       0.55      0.47      0.51       543
           6       0.60      0.47      0.53      3497
           7       0.48      0.64      0.55      2260
           8       0.41      0.45      0.43      1796
           9       0.65      0.51      0.57      3775

    accuracy                           0.57     26051
   macro avg       0.59      0.59      0.58     26051
weighted avg       0.60      0.57      0.58     26051



running time in seconds: 10.018

