          0          0          0          0          0          0          0          0          0          0
          0        285         10          3          0          0         23          2          0          1
          0          7       6107        200        279          2        135         28         13        161
          0          0        204       3140        360          4          7         15         10         59
          0          0        187        336       2512         11          1          6          6         66
          0          0         26         33        179        276          0          2          4         23
          0          7        238         79         35          5       2945        131          5         52
          0          0        128         46         61          0        301       1585         97         42
          0          0         68        116        108          3         30        162       1075        234
          0          0        175        164        170          4         20         35        124       3083

              precision    recall  f1-score   support

           1       0.95      0.88      0.91       324
           2       0.85      0.88      0.87      6932
           3       0.76      0.83      0.79      3799
           4       0.68      0.80      0.74      3125
           5       0.90      0.51      0.65       543
           6       0.85      0.84      0.85      3497
           7       0.81      0.70      0.75      2260
           8       0.81      0.60      0.69      1796
           9       0.83      0.82      0.82      3775

    accuracy                           0.81     26051
   macro avg       0.83      0.76      0.79     26051
weighted avg       0.81      0.81      0.81     26051



running time in seconds: 71.145

