          0          0          0          0          0          0          0          0          0          0
          0        289         23          2          1          0          8          1          0          0
          0        148       3435        651        763         82        842        151        129        731
          0          2        309       2013       1055        177         23         26         91        103
          0          0        114        549       2068        347          2         18          9         18
          0          1         10         40        230        253          0          2          0          7
          0        520        486        186        106         14       1710        319         39        117
          0        249        297         99        134         25        545        647        167         97
          0         11        280        187        164         51        109        239        421        334
          0         13        393        233        461        208        126         80        347       1914

              precision    recall  f1-score   support

           1       0.23      0.89      0.37       324
           2       0.64      0.50      0.56      6932
           3       0.51      0.53      0.52      3799
           4       0.42      0.66      0.51      3125
           5       0.22      0.47      0.30       543
           6       0.51      0.49      0.50      3497
           7       0.44      0.29      0.35      2260
           8       0.35      0.23      0.28      1796
           9       0.58      0.51      0.54      3775

    accuracy                           0.49     26051
   macro avg       0.43      0.51      0.44     26051
weighted avg       0.52      0.49      0.49     26051



running time in seconds: 15.119

